# Input file for NRG Ljubljana, Rok Zitko, rok.zitko@ijs.si, 2005-2015
# symtype 	QS
# Using sneg version 	1.251
#!8
# Number of channels, impurities, chain sites, subspaces: 
1	2	100	10
# SCALE 	1.0353518430881692
# Energies (GS energy subtracted, multiplied by 1/SCALE):
-3	1
1
0.013961383594392527
-2	2
3
0.007338631009704025	0.009132107408350902	0.01575485999303941
-1	1
6
0.0016874479632495816	0.007338631009704025	0.007444659445101322	0.013961383594392527	0.015754859993039407	0.018264214816701804
-1	3
3
0.0025093548236624023	0.009132107408350907	0.010925583806997782
0	2
8
0.	0.0025093548236624036	0.00733863100970402	0.009132107408350909	0.010819555371600486	0.010925583806997777	0.015754859993039393	0.016576766853452204
0	4
1
0.004302831222309279
1	1
6
0.00168744796324958	0.007338631009704027	0.00744465944510132	0.013961383594392527	0.0157548599930394	0.018264214816701797
1	3
3
0.0025093548236624005	0.009132107408350902	0.010925583806997782
2	2
3
0.007338631009704025	0.009132107408350902	0.015754859993039414
3	1
1
0.013961383594392527
# Irreducible matrix elements for Wilson chains:
f 0 0
12
3	1	2	2
0.6528359461238908	-1.3729875899691262e-15	1.2545139407150978
2	2	1	3
3.885780586188048e-16	1.0864409420610002	-7.771561172376096e-16
0.5653725138469382	-7.771561172376096e-16	-1.086440942061
4.996003610813204e-16	-0.5653725138469388	-9.43689570931383e-16
2	2	1	1
-0.47010270399169496	-5.879138238686356e-16	0.5575588309471344	-0.266519158958437	3.182904556251969e-17	-0.06039725803807455
4.456351595095146e-16	0.627256970357549	6.106629594669219e-16	2.5913297707548672e-17	-0.3264179730619453	-6.919638945264218e-16
-0.014985377798624466	-1.1150086893188547e-16	0.19323073669150295	-0.5121531716600222	-6.773616570942551e-16	0.7704464656746773
1	3	0	4
-1.0243063433200459
0.
-0.5330383179168737
1	3	0	2
-0.7704464656746773	6.938893903907228e-17	0.	-0.3264179730619452	0.19323073669150315	-6.855627177060342e-15	-1.3877787807814457e-16	0.014985377798624744
2.7755575615628914e-17	0.3264179730619455	0.6272569703575488	3.3306690738754696e-16	-2.1538326677728037e-14	-0.6272569703575492	0.32641797306194553	-3.0531133177191805e-16
0.06039725803807483	-1.1102230246251565e-16	-4.996003610813204e-16	0.627256970357549	0.5575588309471344	-1.9040324872321435e-14	2.7755575615628914e-16	0.4701027039916952
1	1	0	2
-1.5265566588595902e-16	1.148073833126338	0.4701027039916944	0.	4.9404924595819466e-15	0.13514115637504923	-0.014985377798624758	-5.828670879282072e-16
0.45628873963096905	-1.7208456881689926e-15	5.551115123125783e-16	0.627256970357549	0.7701840905609534	-2.786659791809143e-14	-6.106226635438361e-16	-0.13514115637504948
8.465450562766819e-16	0.6018193781678756	-0.5575588309471343	8.049116928532385e-16	2.8296809340133677e-14	0.7701840905609534	0.19323073669150292	-6.661338147750939e-16
-1.567448476318807e-16	-2.9856756874048085e-16	-0.5330383179168735	-1.0104764136775515e-15	4.706569102846559e-16	4.1049610221613346e-16	1.0243063433200466	-1.8643666000631154e-15
-0.00968660614575724	1.3877787807814457e-17	7.771561172376096e-16	-0.32641797306194525	0.6018193781678755	-2.0344836926255994e-14	-2.9976021664879227e-15	-1.1480738331263378
6.938893903907228e-17	0.009686606145757296	0.06039725803807486	-3.885780586188048e-16	-1.4807599590938025e-14	-0.4562887396309687	0.7704464656746777	-1.9845236565174673e-15
0	4	-1	3
0.8870753145727044	-4.170654707008612e-16	0.4616247245065385
0	2	-1	3
-0.943600357516837	-1.64739481278724e-16	0.07397123202824663
9.631847056917597e-17	-0.39977873843765516	-3.7456421180168045e-16
-3.412818191571923e-16	0.7682297574900349	5.463091683070662e-16
0.39977873843765543	9.992007221626409e-16	-0.7682297574900345
0.23665835375813687	2.603774750329059e-14	0.6828673187015931
-8.062935179342365e-15	0.7682297574900343	-2.3582418980149785e-14
-8.277081471491496e-17	0.39977873843765466	4.165917017260437e-16
0.018353264604731023	-3.396837079259399e-16	0.575755875741147
0	2	-1	1
-1.0234868508263162e-16	0.3226448619721212	1.3877787807814457e-16	-2.7755575615628914e-17	0.00684946489234807	-5.551115123125783e-17
0.8118107927064662	5.922488173855488e-19	-0.4255505633519762	3.4972033822171314e-16	-1.0137009023673788e-16	-0.006849464892348059
-0.3324128098466601	2.0816681711721685e-16	-0.3942536302731626	0.37691500923129195	5.551115123125783e-17	0.04270731072379666
-3.2316332411607894e-16	-0.44353765728635236	-1.443893659956828e-16	3.9536928274166964e-16	-0.23081236225326926	-7.937032637408731e-17
3.2404634531246757e-15	0.544602393197644	-1.8818280267396403e-14	-1.1102230246251565e-16	-0.42555056335197605	1.1157741397482823e-14
0.09555922809018924	-1.8934464960937027e-14	-0.5446023931976437	-3.6576110594279414e-16	1.4462731669865267e-14	0.3226448619721215
0.010596262260049866	-3.885780586188048e-16	0.13663476424823454	-0.7242939613740004	6.106226635438361e-16	0.5447879204197728
-2.42861286636753e-16	-0.09555922809018888	-8.326672684688674e-17	4.440892098500626e-16	0.8118107927064662	-2.7755575615628914e-16
-1	3	-2	2
-5.551115123125783e-17	-0.46162472450653863	5.551115123125783e-17
0.8870753145727044	-6.661338147750939e-16	-0.4616247245065386
6.661338147750939e-16	0.8870753145727045	-3.885780586188048e-16
-1	1	-2	2
0.6648256196933195	5.551115123125783e-17	0.02119252452009987
-1.1102230246251565e-16	-0.8870753145727045	1.1102230246251565e-16
0.7885072605463255	-5.551115123125783e-17	0.2732695284964685
0.3769150092312921	1.1775693440128312e-16	0.7242939613740003
-2.7755575615628914e-17	-0.46162472450653824	2.7755575615628914e-17
-0.08541462144759271	0.	1.089575840839546
-2	2	-3	1
0.46162472450653846
0.
0.8870753145727045
# GS energy in absolute units:
e
-0.004454944236515232
# Irreducible matrix elements for other operators:
sn_f
10
-3	1	-3	1
0.
-2	2	-2	2
0.21309738627573754	0.	0.40949589770617567
0.	0.	0.
0.40949589770617567	0.	0.7869026137242626
-1	1	-1	1
0.4424422276961415	-1.1102230246251565e-16	0.5300110993086501	0.26593237212008586	-5.551115123125783e-17	-0.033694965911265695
-1.1102230246251565e-16	0.7869026137242627	-5.551115123125783e-17	-1.0445926962713556e-16	0.40949589770617545	1.1102230246251565e-16
0.5300110993086501	-5.551115123125783e-17	0.6964199351389528	0.4951276907052715	0.	0.23039782711912318
0.26593237212008586	-1.0445926962713556e-16	0.4951276907052715	0.6666666666666666	-5.4359512401726826e-17	0.756979149147675
-5.551115123125783e-17	0.40949589770617545	0.	-5.4359512401726826e-17	0.21309738627573735	2.7755575615628914e-17
-0.033694965911265695	1.1102230246251565e-16	0.23039782711912318	0.756979149147675	2.7755575615628914e-17	1.194471170498239
-1	3	-1	3
0.21309738627573765	2.498001805406602e-16	-0.4094958977061758
2.498001805406602e-16	1.	1.6653345369377348e-16
-0.4094958977061758	1.6653345369377348e-16	0.7869026137242627
0	2	0	2
0.9999999999999999	-1.7155296706908015e-16	1.598371282208113e-16	-0.5787443495462676	4.440892098500626e-16	-4.4327616065975226e-16	-6.983779233379696e-17	1.6653345369377348e-16
-1.7155296706908015e-16	0.9999999999999998	-0.409495897706176	-2.793585031043788e-16	-1.194020502664114e-16	-5.551115123125574e-17	-0.21309738627573763	-2.486293799194239e-16
1.598371282208113e-16	-0.409495897706176	1.0000000000000009	5.233095656563842e-16	2.7202924808188386e-14	0.7869026137242628	-8.326672684688674e-17	3.7087345174983506e-16
-0.5787443495462676	-2.793585031043788e-16	5.233095656563842e-16	1.0000000000000007	-0.5733173553837796	2.0784592463111795e-14	-3.10066247400011e-16	-0.579967402432256
4.440892098500626e-16	-1.194020502664114e-16	2.7202924808188386e-14	-0.5733173553837796	1.0000000000000002	-2.94652492824756e-16	1.3878081395419258e-14	5.273559366969494e-16
-4.4327616065975226e-16	-5.551115123125574e-17	0.7869026137242628	2.0784592463111795e-14	-2.94652492824756e-16	1.	0.40949589770617545	-4.62753416361585e-16
-6.983779233379696e-17	-0.21309738627573763	-8.326672684688674e-17	-3.10066247400011e-16	1.3878081395419258e-14	0.40949589770617545	0.9999999999999997	1.1117998794372666e-16
1.6653345369377348e-16	-2.486293799194239e-16	3.7087345174983506e-16	-0.579967402432256	5.273559366969494e-16	-4.62753416361585e-16	1.1117998794372666e-16	1.
0	4	0	4
1.
1	1	1	1
1.5575577723038583	-1.4432899320127035e-15	0.5300110993086502	-0.26593237212008575	8.881784197001252e-16	-0.033694965911265445
-1.4432899320127035e-15	1.213097386275738	-5.551115123125783e-17	-7.816936580910337e-16	0.40949589770617584	1.1657341758564144e-15
0.5300110993086502	-5.551115123125783e-17	1.3035800648610474	0.4951276907052713	7.771561172376096e-16	-0.23039782711912318
-0.26593237212008575	-7.816936580910337e-16	0.4951276907052713	1.3333333333333344	-6.501903566497958e-16	0.7569791491476756
8.881784197001252e-16	0.40949589770617584	7.771561172376096e-16	-6.501903566497958e-16	1.7869026137242627	5.828670879282072e-16
-0.033694965911265445	1.1657341758564144e-15	-0.23039782711912318	0.7569791491476756	5.828670879282072e-16	0.8055288295017609
1	3	1	3
1.7869026137242627	-5.551115123125783e-17	0.40949589770617567
-5.551115123125783e-17	1.	0.
0.40949589770617567	0.	1.2130973862757375
2	2	2	2
1.7869026137242625	-4.0786163068649515e-18	-0.4094958977061763
-4.0786163068649515e-18	1.9999999999999996	1.4147411644590244e-15
-0.4094958977061763	1.4147411644590244e-15	1.213097386275738
3	1	3	1
2.
sSZ2f0
10
-3	1	-3	1
0.
-2	2	-2	2
0.053274346568934386	0.	0.10237397442654392
0.	0.	0.
0.10237397442654392	0.	0.19672565343106566
-1	1	-1	1
0.08409054697100443	-2.7755575615628914e-17	0.08312634434281516	5.691265280258142e-18	-1.3877787807814457e-17	-0.08391321426967346
-2.7755575615628914e-17	0.19672565343106568	-1.3877787807814457e-17	-2.611481740678389e-17	0.10237397442654386	2.7755575615628914e-17
0.08312634434281516	-1.3877787807814457e-17	0.0821731974960626	5.626007850753733e-18	0.	-0.08295104498129283
5.691265280258142e-18	-2.611481740678389e-17	5.626007850753733e-18	3.851859888774472e-33	-1.3589878100431706e-17	-5.679263367052756e-18
-1.3877787807814457e-17	0.10237397442654386	0.	-1.3589878100431706e-17	0.05327434656893434	6.938893903907228e-18
-0.08391321426967346	2.7755575615628914e-17	-0.08295104498129283	-5.679263367052756e-18	6.938893903907228e-18	0.08373625553293297
-1	3	-1	3
0.053274346568934414	6.245004513516506e-17	-0.10237397442654395
6.245004513516506e-17	0.25	4.163336342344337e-17
-0.10237397442654395	4.163336342344337e-17	0.19672565343106568
0	2	0	2
0.16626374446706696	-4.288824176727004e-17	5.383706986301728e-17	-1.4353701963921094e-18	-0.08295104498129277	2.8729053385151697e-15	-2.439834198735647e-17	-0.08391321426967348
-4.288824176727004e-17	0.1967256534310656	-2.4599739095056092e-17	-4.208405016046579e-17	3.5367409540417125e-15	0.10237397442654388	-9.895150609576066e-17	-3.440176936422706e-17
5.383706986301728e-17	-2.4599739095056092e-17	0.053274346568934317	4.756066456720934e-17	-4.101818720543095e-17	-8.70952612826786e-17	-0.10237397442654386	5.1084999514015394e-17
-1.4353701963921094e-18	-4.208405016046579e-17	4.756066456720934e-17	5.387554474327053e-32	1.8138576561967615e-17	-2.190009996028668e-17	-9.139434965781721e-17	-1.6498251995089455e-17
-0.08295104498129277	3.5367409540417125e-15	-4.101818720543095e-17	1.8138576561967615e-17	0.16782680250393733	-3.959443709394237e-15	-9.707111775350097e-17	-0.0831263443428151
2.8729053385151697e-15	0.10237397442654388	-8.70952612826786e-17	-2.190009996028668e-17	-3.959443709394237e-15	0.05327434656893436	9.127243861191518e-17	2.8264026611662684e-15
-2.439834198735647e-17	-9.895150609576066e-17	-0.10237397442654386	-9.139434965781721e-17	-9.707111775350097e-17	9.127243861191518e-17	0.19672565343106568	3.942137030275137e-20
-0.08391321426967348	-3.440176936422706e-17	5.1084999514015394e-17	-1.6498251995089455e-17	-0.0831263443428151	2.8264026611662684e-15	3.942137030275137e-20	0.1659094530289955
0	4	0	4
0.25
1	1	1	1
0.08409054697100442	1.1102230246251565e-16	-0.08312634434281513	3.22829241995893e-17	-7.632783294297951e-17	0.08391321426967346
1.1102230246251565e-16	0.1967256534310656	2.7755575615628914e-16	-1.6766783890712952e-16	-0.10237397442654397	2.7755575615628914e-17
-0.08312634434281513	2.7755575615628914e-16	0.08217319749606258	-3.191276035264008e-17	-1.249000902703301e-16	-0.08295104498129283
3.22829241995893e-17	-1.6766783890712952e-16	-3.191276035264008e-17	1.5529570644716347e-31	8.725259137821126e-17	3.2214844987818404e-17
-7.632783294297951e-17	-0.10237397442654397	-1.249000902703301e-16	8.725259137821126e-17	0.053274346568934455	-3.469446951953614e-17
0.08391321426967346	2.7755575615628914e-17	-0.08295104498129283	3.2214844987818404e-17	-3.469446951953614e-17	0.08373625553293301
1	3	1	3
0.053274346568934414	-1.3877787807814457e-17	-0.10237397442654392
-1.3877787807814457e-17	0.25	0.
-0.10237397442654392	0.	0.1967256534310656
2	2	2	2
0.05327434656893445	-1.120419565392319e-16	0.10237397442654393
-1.120419565392319e-16	2.3563686527615367e-31	-2.1530400900563665e-16
0.10237397442654393	-2.1530400900563665e-16	0.19672565343106546
3	1	3	1
0.
sn_d
10
-3	1	-3	1
0.
-2	2	-2	2
0.39345130686213126	0.4435376572863522	-0.2047479488530879
0.4435376572863522	0.4999999999999999	-0.23081236225326932
-0.2047479488530879	-0.23081236225326932	0.10654869313786886
-1	1	-1	1
0.7787788861519294	-0.3324128098466598	-0.2650055496543251	-0.1329661860600427	0.010596262260049862	0.01684748295563296
-0.3324128098466598	0.6065486931378691	-0.39425363027316285	0.37691500923129223	-0.20474794885308797	0.0427073107237964
-0.2650055496543251	-0.39425363027316285	0.6517900324305237	-0.24756384535263573	0.13663476424823429	-0.11519891355956174
-0.1329661860600427	0.37691500923129223	-0.24756384535263573	0.6666666666666669	-0.7242939613740003	-0.37848957457383764
0.010596262260049862	-0.20474794885308797	0.13663476424823429	-0.7242939613740003	0.8934513068621311	0.544787920419773
0.01684748295563296	0.0427073107237964	-0.11519891355956174	-0.37848957457383764	0.544787920419773	0.4027644147508805
-1	3	-1	3
0.8934513068621313	-0.23081236225326957	0.20474794885308759
-0.23081236225326957	0.49999999999999944	0.4435376572863522
0.20474794885308759	0.4435376572863522	0.6065486931378695
0	2	0	2
0.9999999999999998	-1.6653345369377348e-16	0.32264486197212117	0.28937217477313376	4.163336342344337e-16	2.7755575615628914e-17	0.006849464892348195	2.498001805406602e-16
-1.6653345369377348e-16	1.0000000000000002	0.20474794885308756	0.23081236225326918	1.3877787807814457e-16	-2.7755575615628914e-16	0.10654869313786881	-4.440892098500626e-16
0.32264486197212117	0.20474794885308756	0.9999999999999993	-2.220446049250313e-16	0.5446023931976302	-0.39345130686214985	4.163336342344337e-17	-0.09555922809018902
0.28937217477313376	0.23081236225326918	-2.220446049250313e-16	1.	0.2866586776918746	-0.4435376572863621	2.7755575615628914e-16	0.2899837012161275
4.163336342344337e-16	1.3877787807814457e-16	0.5446023931976302	0.2866586776918746	1.	-3.608224830031759e-16	-0.4255505633519832	9.159339953157541e-16
2.7755575615628914e-17	-2.7755575615628914e-16	-0.39345130686214985	-0.4435376572863621	-3.608224830031759e-16	0.9999999999999996	-0.20474794885307335	6.106226635438361e-16
0.006849464892348195	0.10654869313786881	4.163336342344337e-17	2.7755575615628914e-16	-0.4255505633519832	-0.20474794885307335	1.0000000000000018	0.8118107927064663
2.498001805406602e-16	-4.440892098500626e-16	-0.09555922809018902	0.2899837012161275	9.159339953157541e-16	6.106226635438361e-16	0.8118107927064663	0.9999999999999991
0	4	0	4
1.
1	1	1	1
1.2212211138480704	0.3324128098466599	-0.265005549654324	0.13296618606004248	0.010596262260049973	0.01684748295563293
0.3324128098466599	1.3934513068621328	-0.39425363027316246	-0.3769150092312923	-0.2047479488530874	0.04270731072379567
-0.265005549654324	-0.39425363027316246	1.3482099675694745	-0.24756384535263642	-0.13663476424823445	0.11519891355956124
0.13296618606004248	-0.3769150092312923	-0.24756384535263642	1.3333333333333317	-0.7242939613740003	-0.37848957457383847
0.010596262260049973	-0.2047479488530874	-0.13663476424823445	-0.7242939613740003	1.106548693137872	-0.5447879204197732
0.01684748295563293	0.04270731072379567	0.11519891355956124	-0.37848957457383847	-0.5447879204197732	1.5972355852491185
1	3	1	3
1.1065486931378692	-0.23081236225326937	-0.2047479488530879
-0.23081236225326937	1.5	0.4435376572863522
-0.2047479488530879	0.4435376572863522	1.393451306862131
2	2	2	2
1.6065486931378685	-0.4435376572863527	0.20474794885308722
-0.4435376572863527	1.5000000000000004	0.23081236225326945
0.20474794885308722	0.23081236225326945	1.893451306862131
3	1	3	1
2.
ss^2
10
-3	1	-3	1
0.
-2	2	-2	2
0.5901769602931968	5.551115123125783e-17	-0.3071219232796318
0.	0.75	-2.7755575615628914e-17
-0.3071219232796317	-5.551115123125783e-17	0.15982303970680323
-1	1	-1	1
0.25227164091301335	-8.326672684688674e-17	0.24937903302844544	1.707379584077443e-17	-2.7755575615628914e-17	-0.2517396428090204
-8.326672684688674e-17	0.590176960293197	-2.7755575615628914e-17	-7.834445222035168e-17	0.3071219232796316	2.7755575615628914e-17
0.24937903302844544	-2.7755575615628914e-17	0.24651959248818778	1.68780235522612e-17	0.	-0.24885313494387845
1.707379584077443e-17	-7.834445222035168e-17	1.68780235522612e-17	1.1555579666323415e-32	-4.076963430129512e-17	-1.7037790101158265e-17
-2.7755575615628914e-17	0.3071219232796316	0.	-4.076963430129512e-17	0.159823039706803	1.3877787807814457e-17
-0.2517396428090204	2.7755575615628914e-17	-0.24885313494387848	-1.7037790101158265e-17	0.	0.25120876659879887
-1	3	-1	3
1.733628267155328	-5.456479379293566e-16	0.5118698721327195
-5.456479379293566e-16	0.7500000000000002	-2.740331635644341e-16
0.5118698721327195	-2.740331635644341e-16	1.0163717328446722
0	2	0	2
1.5404979891485593	-9.020562075079397e-17	2.498001805406602e-16	-1.8041124150158794e-16	-0.5944498756225626	2.0636270470220097e-14	9.71445146547012e-17	-0.2011971939421218
-9.020562075079397e-17	0.15982303970680325	-2.7755575615628914e-17	-2.7755575615628914e-17	-1.0623446566881967e-14	-0.3071219232796318	2.7755575615628914e-16	-1.457167719820518e-16
2.636779683484747e-16	-1.3877787807814457e-17	0.5901769602931971	0.	-2.914335439641036e-16	3.885780586188048e-16	0.30712192327963167	-3.7470027081099033e-16
-1.6653345369377348e-16	-5.551115123125783e-17	5.551115123125783e-17	0.7500000000000002	-1.1102230246251565e-16	4.440892098500626e-16	2.636779683484747e-16	-4.163336342344337e-17
-0.5944498756225626	-1.0623446566881967e-14	-3.0531133177191805e-16	-1.3877787807814457e-16	0.7981103102202413	-7.396860901565105e-15	1.5959455978986625e-16	0.5456376159345299
2.0622392682412283e-14	-0.30712192327963184	3.608224830031759e-16	3.885780586188048e-16	-7.396860901565105e-15	0.590176960293197	-3.885780586188048e-16	-1.8790524691780774e-14
1.0408340855860843e-16	2.914335439641036e-16	0.30712192327963167	2.498001805406602e-16	1.8041124150158794e-16	-3.885780586188048e-16	0.15982303970680312	6.938893903907228e-17
-0.2011971939421218	-1.3183898417423734e-16	-3.885780586188048e-16	-5.551115123125783e-17	0.5456376159345299	-1.8790524691780774e-14	6.245004513516506e-17	0.4113917006311992
0	4	0	4
2.
1	1	1	1
0.25227164091301324	3.0531133177191805e-16	-0.24937903302844538	9.684877259876791e-17	-2.220446049250313e-16	0.2517396428090204
3.3306690738754696e-16	0.5901769602931968	8.604228440844963e-16	-5.030035167213886e-16	-0.3071219232796319	5.551115123125783e-17
-0.24937903302844538	8.604228440844963e-16	0.24651959248818775	-9.573828105792023e-17	-3.885780586188048e-16	-0.2488531349438785
9.684877259876791e-17	-5.030035167213887e-16	-9.573828105792023e-17	4.658871193414904e-31	2.6175777413463383e-16	9.664453496345523e-17
-2.3592239273284576e-16	-0.30712192327963184	-3.7470027081099033e-16	2.617577741346338e-16	0.15982303970680337	-9.71445146547012e-17
0.2517396428090204	8.326672684688674e-17	-0.2488531349438785	9.66445349634552e-17	-1.1102230246251565e-16	0.251208766598799
1	3	1	3
1.7336282671553285	-5.551115123125783e-17	0.5118698721327196
-2.7755575615628914e-17	0.75	0.
0.5118698721327196	5.551115123125783e-17	1.0163717328446717
2	2	2	2
0.5901769602931968	1.6653345369377348e-16	-0.307121923279632
1.1102230246251565e-16	0.7499999999999999	8.881784197001252e-16
-0.30712192327963206	8.604228440844963e-16	0.1598230397068035
3	1	3	1
0.
sn_a
10
-3	1	-3	1
0.
-2	2	-2	2
0.39345130686213114	-0.4435376572863522	-0.20474794885308778
-0.4435376572863522	0.5000000000000001	0.23081236225326926
-0.20474794885308778	0.23081236225326926	0.10654869313786879
-1	1	-1	1
0.7787788861519293	0.3324128098466598	-0.26500554965432516	-0.13296618606004265	-0.010596262260050004	0.01684748295563293
0.3324128098466598	0.6065486931378685	0.39425363027316246	-0.376915009231292	-0.20474794885308772	-0.042707310723796466
-0.26500554965432516	0.39425363027316246	0.6517900324305237	-0.24756384535263584	-0.13663476424823418	-0.11519891355956172
-0.13296618606004265	-0.376915009231292	-0.24756384535263584	0.6666666666666669	0.7242939613740004	-0.37848957457383753
-0.010596262260050004	-0.20474794885308772	-0.13663476424823418	0.7242939613740004	0.8934513068621315	-0.544787920419773
0.01684748295563293	-0.042707310723796466	-0.11519891355956172	-0.37848957457383753	-0.544787920419773	0.4027644147508804
-1	3	-1	3
0.8934513068621313	0.2308123622532691	0.20474794885308795
0.2308123622532691	0.5000000000000007	-0.44353765728635236
0.20474794885308795	-0.44353765728635236	0.6065486931378683
0	2	0	2
0.9999999999999998	-3.608224830031759e-16	-0.3226448619721213	0.2893721747731332	3.3306690738754696e-16	1.1102230246251565e-16	-0.006849464892348028	1.6653345369377348e-16
-3.608224830031759e-16	1.0000000000000004	0.204747948853088	-0.2308123622532695	-1.942890293094024e-16	-5.828670879282072e-16	0.10654869313786873	-3.3306690738754696e-16
-0.3226448619721213	0.204747948853088	0.9999999999999998	4.440892098500626e-16	-0.5446023931976578	-0.3934513068621126	5.273559366969494e-16	0.09555922809018835
0.2893721747731332	-0.2308123622532695	4.440892098500626e-16	1.	0.28665867769190434	0.44353765728634253	0.	0.28998370121612804
3.3306690738754696e-16	-1.942890293094024e-16	-0.5446023931976578	0.28665867769190434	1.	3.3306690738754696e-16	0.42555056335196884	2.7755575615628914e-17
1.1102230246251565e-16	-5.828670879282072e-16	-0.3934513068621126	0.44353765728634253	3.3306690738754696e-16	1.0000000000000004	-0.20474794885310255	-1.6653345369377348e-16
-0.006849464892348028	0.10654869313786873	5.273559366969494e-16	0.	0.42555056335196884	-0.20474794885310255	0.999999999999999	-0.8118107927064662
1.6653345369377348e-16	-3.3306690738754696e-16	0.09555922809018835	0.28998370121612804	2.7755575615628914e-17	-1.6653345369377348e-16	-0.8118107927064662	1.0000000000000013
0	4	0	4
1.
1	1	1	1
1.2212211138480704	-0.3324128098466595	-0.26500554965432543	0.13296618606004304	-0.010596262260049508	0.01684748295563321
-0.3324128098466595	1.3934513068621301	0.39425363027316285	0.37691500923129245	-0.20474794885308853	-0.042707310723796986
-0.26500554965432543	0.39425363027316285	1.348209967569478	-0.2475638453526346	0.13663476424823381	0.11519891355956158
0.13296618606004304	0.37691500923129245	-0.2475638453526346	1.3333333333333344	0.7242939613740007	-0.37848957457383536
-0.010596262260049508	-0.20474794885308853	0.13663476424823381	0.7242939613740007	1.1065486931378665	0.5447879204197729
0.01684748295563321	-0.042707310723796986	0.11519891355956158	-0.37848957457383536	0.5447879204197729	1.5972355852491211
1	3	1	3
1.106548693137869	0.2308123622532692	-0.20474794885308778
0.2308123622532692	1.5	-0.4435376572863522
-0.20474794885308778	-0.4435376572863522	1.393451306862131
2	2	2	2
1.60654869313787	0.4435376572863516	0.20474794885308756
0.4435376572863516	1.499999999999999	-0.23081236225326948
0.20474794885308756	-0.23081236225326948	1.8934513068621304
3	1	3	1
2.
sSaSa
10
-3	1	-3	1
0.
-2	2	-2	2
0.29508848014659833	-0.3326532429647641	-0.15356096163981584
-0.3326532429647641	0.37500000000000006	0.17310927168995197
-0.15356096163981584	0.17310927168995194	0.07991151985340159
-1	1	-1	1
0.5641941571491738	0.1929280372329403	-0.23578648510400435	1.1019936561158196e-16	0.10039773463896086	-0.04398149237716803
0.1929280372329403	0.29508848014659844	0.19071587751639624	-2.6114817406783868e-17	0.1535609616398158	-0.1925211847240988
-0.23578648510400435	0.19071587751639624	0.4198936846063861	-1.2161046786559523e-16	0.09924654983769535	-0.19181206149047647
1.1019936561158196e-16	-2.6114817406783868e-17	-1.2161046786559523e-16	3.928897086549961e-32	-1.3589878100431731e-17	4.082956769874475e-17
0.10039773463896086	0.1535609616398158	0.09924654983769536	-1.3589878100431731e-17	0.0799115198534015	-0.10018601284462923
-0.04398149237716806	-0.1925211847240988	-0.19181206149047647	4.082956769874475e-17	-0.10018601284462925	0.1409121582444402
-1	3	-1	3
0.6700884801465985	0.17310927168995183	0.15356096163981597
0.17310927168995183	0.37500000000000056	-0.33265324296476434
0.15356096163981592	-0.33265324296476434	0.4549115198534012
0	2	0	2
0.6090878417555596	0.10018601284462919	-6.938893903907228e-17	-1.249000902703301e-16	-0.1918120614904827	-0.19252118472409227	1.5959455978986625e-16	-0.04398149237716814
0.10018601284462918	0.6700884801465985	-2.0816681711721685e-16	-8.326672684688674e-17	0.0992465498377007	0.15356096163981237	0.	0.10039773463896084
-6.938893903907228e-17	-2.0816681711721685e-16	0.2950884801465982	0.3326532429647643	-2.498001805406602e-16	3.608224830031759e-16	0.1535609616398158	-2.636779683484747e-16
-9.71445146547012e-17	-8.326672684688674e-17	0.3326532429647643	0.3750000000000005	-1.3877787807814457e-17	2.220446049250313e-16	0.17310927168995205	-9.71445146547012e-17
-0.1918120614904827	0.09924654983770072	-2.636779683484747e-16	-2.7755575615628914e-17	0.3301063153936008	-0.19071587751639213	1.8041124150158794e-16	0.23578648510399772
-0.1925211847240923	0.15356096163981228	3.608224830031759e-16	1.942890293094024e-16	-0.19071587751639213	0.45491151985341477	-2.7755575615628914e-16	-0.19292803723294855
1.6653345369377348e-16	6.938893903907228e-18	0.1535609616398158	0.17310927168995205	1.942890293094024e-16	-2.914335439641036e-16	0.07991151985340157	1.6653345369377348e-16
-0.04398149237716813	0.10039773463896087	-2.7755575615628914e-16	-9.71445146547012e-17	0.23578648510399772	-0.19292803723294852	1.5959455978986625e-16	0.1858058428508263
0	4	0	4
0.75
1	1	1	1
0.5641941571491735	0.19292803723293947	0.2357864851040048	-1.9278291424091048e-16	-0.10039773463896105	0.04398149237716803
0.1929280372329395	0.29508848014659905	-0.19071587751639651	-1.774353926832998e-16	-0.15356096163981633	0.19252118472409901
0.23578648510400477	-0.19071587751639651	0.41989368460638526	5.1497909018295815e-17	0.09924654983769529	-0.19181206149047586
-1.9278291424091048e-16	-1.7743539268329981e-16	5.1497909018295815e-17	1.2014725755888835e-31	9.233552430054087e-17	-1.0141000388600105e-16
-0.10039773463896105	-0.15356096163981633	0.09924654983769529	9.233552430054085e-17	0.07991151985340192	-0.10018601284462941
0.04398149237716806	0.19252118472409904	-0.19181206149047586	-1.0141000388600105e-16	-0.10018601284462943	0.14091215824444
1	3	1	3
0.6700884801465986	-0.173109271689952	0.1535609616398158
-0.173109271689952	0.37499999999999994	0.3326532429647641
0.15356096163981584	0.3326532429647642	0.4549115198534016
2	2	2	2
0.2950884801465978	-0.332653242964764	-0.1535609616398161
-0.33265324296476406	0.37500000000000056	0.17310927168995255
-0.15356096163981614	0.17310927168995252	0.07991151985340202
3	1	3	1
0.
sSaSf
10
-3	1	-3	1
0.
-2	2	-2	2
0.	0.	0.
0.	0.	0.
0.	0.	0.
-1	1	-1	1
-0.12613582045650662	-0.19292803723294022	-0.1246895165142227	1.7073795840774418e-17	-0.10039773463896094	0.12586982140451017
-0.19292803723294022	-0.29508848014659844	-0.1907158775163963	2.611481740678389e-17	-0.1535609616398158	0.19252118472409882
-0.1246895165142227	-0.1907158775163963	-0.12325979624409389	1.68780235522612e-17	-0.09924654983769528	0.12442656747193923
1.7073795840774418e-17	2.611481740678389e-17	1.68780235522612e-17	-2.311115933264683e-33	1.3589878100431706e-17	-1.7037790101158265e-17
-0.10039773463896094	-0.1535609616398158	-0.09924654983769529	1.3589878100431706e-17	-0.0799115198534015	0.10018601284462922
0.1258698214045102	0.19252118472409882	0.12442656747193924	-1.7037790101158265e-17	0.10018601284462923	-0.12560438329939944
-1	3	-1	3
0.026637173284467203	0.057703090563317364	-0.05118698721327193
0.057703090563317364	0.12500000000000017	-0.11088441432158805
-0.05118698721327193	-0.11088441432158805	0.09836282671553268
0	2	0	2
-0.3223223056374402	0.3084049274702004	-1.7460865461663846e-16	-5.630050591153009e-17	0.21082575264161588	0.16049070168124413	-9.371753519773104e-17	0.11323420918778553
0.3084049274702004	-2.3321658417083817e-17	9.970529546035852e-17	-9.256538015087159e-18	-0.2017226230238709	7.006710592954578e-15	-2.1473625216622582e-19	-0.10834493133399847
-1.7460865461663849e-16	9.970529546035854e-17	-7.921097602417552e-32	-1.6088464175877406e-32	1.142086674842164e-16	5.188559392039669e-17	-3.0249245141208104e-32	6.13413114049207e-17
-5.630050591153008e-17	-9.25653801508716e-18	-1.6088464175877406e-32	3.669998686003569e-33	3.682524083906579e-17	-4.817005659951581e-18	2.8587970623480723e-33	1.9778784006761703e-17
0.21082575264161588	-0.2017226230238709	1.142086674842164e-16	3.682524083906579e-17	-0.1378976794330206	-0.10497434518847086	6.129910821624254e-17	-0.07406464572652297
0.16049070168124413	7.006710592954578e-15	5.188559392039669e-17	-4.8170056599515806e-18	-0.10497434518847086	7.298753584930033e-15	-1.1174650181472061e-19	-0.05638157015205205
-9.371753519773103e-17	-2.1473625216622584e-19	-3.0249245141208104e-32	2.858797062348072e-33	6.129910821624255e-17	-1.1174650181472061e-19	1.3066359674901576e-34	3.292366305259784e-17
0.11323420918778553	-0.10834493133399847	6.134131140492068e-17	1.9778784006761706e-17	-0.07406464572652297	-0.05638157015205205	3.292366305259784e-17	-0.03978001492954636
0	4	0	4
0.25
1	1	1	1
-0.12613582045650654	-0.19292803723294033	0.12468951651422223	1.1600677203338673e-16	0.10039773463896116	-0.12586982140451003
-0.19292803723294036	-0.29508848014659905	0.19071587751639582	1.7743539268329994e-16	0.15356096163981633	-0.19252118472409885
0.12468951651422225	0.19071587751639582	-0.12325979624409304	-1.1467661021958684e-16	-0.0992465498376952	0.12442656747193871
1.1600677203338673e-16	1.7743539268329996e-16	-1.1467661021958684e-16	-1.0669111366542006e-31	-9.233552430054089e-17	1.1576213342657087e-16
0.10039773463896116	0.15356096163981633	-0.0992465498376952	-9.233552430054088e-17	-0.07991151985340192	0.1001860128446294
-0.12586982140451006	-0.19252118472409888	0.12442656747193871	1.1576213342657087e-16	0.10018601284462941	-0.12560438329939927
1	3	1	3
0.026637173284467214	-0.05770309056331733	-0.05118698721327197
-0.05770309056331733	0.12499999999999997	0.11088441432158805
-0.05118698721327197	0.11088441432158805	0.09836282671553281
2	2	2	2
0.	0.	0.
0.	0.	0.
0.	0.	0.
3	1	3	1
0.
sSaSd
10
-3	1	-3	1
0.
-2	2	-2	2
0.	0.	0.
0.	0.	0.
0.	0.	0.
-1	1	-1	1
-0.4380583366926672	-7.633308557583582e-17	0.36047600161822707	-1.2727316145235637e-16	8.564173554792168e-17	-0.08188832902734214
-7.633308557583582e-17	-1.3301287672138968e-32	6.281411212786505e-17	-2.217776106716545e-32	1.4923350113135825e-32	-1.426930685647865e-17
0.36047600161822707	6.281411212786505e-17	-0.2966338883622922	1.0473244431333402e-16	-7.047415336286457e-17	0.06738549401853725
-1.2727316145235637e-16	-2.217776106716545e-32	1.0473244431333402e-16	-3.697785493223493e-32	2.4882289691698726e-32	-2.3791777597586486e-17
8.564173554792166e-17	1.4923350113135823e-32	-7.047415336286456e-17	2.4882289691698726e-32	-1.6743219460301909e-32	1.6009417083508338e-17
-0.08188832902734214	-1.426930685647865e-17	0.06738549401853725	-2.3791777597586486e-17	1.6009417083508338e-17	-0.015307774945040773
-1	3	-1	3
0.1967256534310656	-9.249212090484487e-17	0.10237397442654392
-9.249212090484487e-17	4.348590171273273e-32	-4.813193325336872e-17
0.10237397442654392	-4.813193325336872e-17	0.05327434656893439
0	2	0	2
0.16116115281872004	9.633487319645357e-17	5.210234638704045e-17	-4.837128738048145e-18	-0.10541287632080515	3.717924759369598e-15	-1.1221332368119973e-19	-0.0566171045938928
9.633487319645358e-17	-0.5901769602931969	1.347280555264593e-16	1.2625215048139745e-16	-1.0629301759960734e-14	-0.30712192327963167	1.7977138673010926e-16	1.5432711658405763e-16
5.210234638704045e-17	1.347280555264593e-16	-1.3911934140947098e-32	-3.038517903040145e-32	-3.407929330152129e-17	7.01110723001717e-17	-4.1075239031472693e-32	-1.8303939525056923e-17
-4.837128738048145e-18	1.2625215048139743e-16	-3.0385179030401444e-32	-2.6862997154745796e-32	3.163886857930304e-18	6.570029988085788e-17	-3.845378247931489e-32	1.6993190908992974e-18
-0.10541287632080515	-1.0629301759960733e-14	-3.407929330152129e-17	3.163886857930304e-18	0.06894883971650666	-7.930421093894485e-15	7.339690120346107e-20	0.03703232286326053
3.717924759369598e-15	-0.3071219232796316	7.011107230017168e-17	6.570029988085788e-17	-7.930421093894485e-15	-0.15982303970680306	9.355115119331106e-17	-1.2082126157165284e-15
-1.1221332368119973e-19	1.7977138673010923e-16	-4.107523903147269e-32	-3.845378247931489e-32	7.339690120346107e-20	9.355115119331106e-17	-5.475934770336212e-32	3.9421370302705017e-20
-0.0566171045938928	1.5432711658405763e-16	-1.8303939525056923e-17	1.6993190908992974e-18	0.03703232286326053	-1.2082126157165284e-15	3.9421370302705017e-20	0.019890007464773207
0	4	0	4
0.25
1	1	1	1
-0.438058336692667	8.551762864384244e-16	-0.360476001618227	7.677614220752373e-17	-1.1132741285500604e-16	0.081888329027342
8.551762864384244e-16	-1.6694728067684237e-30	7.037202641581577e-16	-1.4988217477107907e-31	2.1733307080270226e-31	-1.5986217189465585e-16
-0.360476001618227	7.037202641581577e-16	-0.2966338883622922	6.317870120129103e-17	-9.161076800743368e-17	0.06738549401853713
7.677614220752373e-17	-1.4988217477107907e-31	6.317870120129103e-17	-1.345614389346829e-32	1.9511760341062196e-32	-1.4352129540569812e-17
-1.1132741285500607e-16	2.1733307080270226e-31	-9.161076800743368e-17	1.9511760341062193e-32	-2.829256246225535e-32	2.0810962947223565e-17
0.081888329027342	-1.5986217189465585e-16	0.06738549401853713	-1.4352129540569812e-17	2.0810962947223565e-17	-0.015307774945040724
1	3	1	3
0.19672565343106566	0.	0.10237397442654392
0.	0.	0.
0.10237397442654392	0.	0.053274346568934386
2	2	2	2
0.	0.	0.
0.	0.	0.
0.	0.	0.
3	1	3	1
0.
# Discretization tables:
z
100
0.52427078513901003119
0.36143013903940941139
0.24662943801998150215
0.16156906659436251174
0.10371316240612053172
0.065992712096606839964
0.041839596677244432778
0.026487653357275046546
0.016758845707050300567
0.010600891341655520587
0.0067050141444384940786
0.0042407300021830519695
0.0026821001479076377635
0.0016963159062078186622
0.0010728461068898959083
0.00067852789246080805737
0.00042913882981414611291
0.00027141125490326615427
0.00017165555669742004156
0.00010856450822812261219
0.000068662224264361143616
0.000043425803692325317448
0.000027464889807209621514
0.000017370321502599008822
0.000010985955929377619146
6.948128602682411971e-6
4.3943823721666489736e-6
2.7792514411781045287e-6
1.7577529488932580736e-6
1.1117005764779707549e-6
7.0310117955900553243e-7
4.4468023059161895433e-7
2.8124047182371116036e-7
1.7787209223667514348e-7
1.1249618872949143678e-7
7.1148836894671821345e-8
4.499847549179702096e-8
2.8459534757868841431e-8
1.7999390196718836944e-8
1.1383813903147543798e-8
7.1997560786875366054e-9
4.5535255612590179814e-9
2.8799024314750147591e-9
1.8214102245036072222e-9
1.1519609725900059111e-9
7.2856408980144289076e-10
4.6078438903600236493e-10
2.9142563592057715643e-10
1.84313755614400946e-10
1.1657025436823086258e-10
7.3725502245760378404e-11
4.6628101747292345032e-11
2.9490200898304151362e-11
1.8651240698916938013e-11
1.1796080359321660545e-11
7.4604962795667752051e-12
4.7184321437286642179e-12
2.984198511826710082e-12
1.8873728574914656871e-12
1.1936794047306840328e-12
7.5494914299658627486e-13
4.7747176189227361313e-13
3.0197965719863450994e-13
1.9098870475690944525e-13
1.2079186287945380398e-13
7.63954819027637781e-14
4.8316745151781521591e-14
3.055819276110551124e-14
1.9326698060712608636e-14
1.2223277104442204496e-14
7.7306792242850434545e-15
4.8893108417768817984e-15
3.0922716897140173818e-15
1.9557243367107527194e-15
1.2369086758856069527e-15
7.8228973468430108775e-16
4.9476347035424278109e-16
3.129158938737204351e-16
1.9790538814169711244e-16
1.2516635754948817404e-16
7.9162155256678844974e-17
5.0066543019795269616e-17
3.166486210267153799e-17
2.0026617207918107846e-17
1.2665944841068615196e-17
8.0106468831672431385e-18
5.0663779364274460784e-18
3.2042587532668972554e-18
2.0265511745709784313e-18
1.2817035013067589022e-18
8.1062046982839137254e-19
5.1268140052270356087e-19
3.2424818793135654902e-19
2.0507256020908142435e-19
1.2969927517254261961e-19
8.2029024083632569739e-20
5.1879710069017047842e-20
3.2811609633453027895e-20
2.0751884027606819137e-20
1.3124643853381211158e-20
0.e-12
100
0.e-999
0.e-998
0.e-998
0.e-997
0.e-996
0.e-995
0.e-994
0.e-993
0.e-992
0.e-992
0.e-991
0.e-990
0.e-989
0.e-988
0.e-987
0.e-986
0.e-985
0.e-985
0.e-984
0.e-983
0.e-982
0.e-981
0.e-980
0.e-979
0.e-979
0.e-978
0.e-977
0.e-976
0.e-975
0.e-974
0.e-973
0.e-972
0.e-972
0.e-971
0.e-970
0.e-969
0.e-968
0.e-967
0.e-966
0.e-966
0.e-965
0.e-964
0.e-963
0.e-962
0.e-961
0.e-960
0.e-959
0.e-959
0.e-958
0.e-957
0.e-956
0.e-955
0.e-954
0.e-953
0.e-953
0.e-952
0.e-951
0.e-950
0.e-949
0.e-948
0.e-947
0.e-946
0.e-946
0.e-945
0.e-944
0.e-943
0.e-942
0.e-941
0.e-940
0.e-940
0.e-939
0.e-938
0.e-937
0.e-936
0.e-920
0.e-890
0.e-860
0.e-830
0.e-799
0.e-768
0.e-737
0.e-705
0.e-673
0.e-640
0.e-607
0.e-574
0.e-540
0.e-506
0.e-471
0.e-436
0.e-401
0.e-365
0.e-329
0.e-292
0.e-255
0.e-218
0.e-180
0.e-142
0.e-103
0.e-64
0.e-25
