# Input file for NRG Ljubljana
# symtype 	QS
# Using sneg version 	1.251
#!9
# Number of channels, chain sites, subspaces: 
1	100	10
# SCALE 	1.0353518430881692
# Energies (GS energy subtracted, multiplied by 1/SCALE):
-3	1
1
0.013961383594392524
-2	2
3
0.007338631009704023	0.0091321074083509	0.015754859993039407
-1	1
6
0.0016874479632495787	0.007338631009704021	0.007444659445101319	0.013961383594392524	0.015754859993039404	0.018264214816701808
-1	3
3
0.0025093548236623997	0.009132107408350906	0.01092558380699778
0	2
8
0.	0.002509354823662399	0.007338631009704021	0.009132107408350907	0.010819555371600486	0.01092558380699778	0.01575485999303941	0.016576766853452198
0	4
1
0.004302831222309276
1	1
6
0.0016874479632495774	0.0073386310097040205	0.007444659445101318	0.013961383594392524	0.015754859993039404	0.018264214816701783
1	3
3
0.002509354823662399	0.0091321074083509	0.01092558380699778
2	2
3
0.007338631009704022	0.0091321074083509	0.01575485999303941
3	1
1
0.013961383594392524
# Irreducible matrix elements for Wilson chains:
f 0 0
12
3	1	2	2
0.6528359461238908	-1.3729847857316511e-15	1.2545139407150978
2	2	1	3
3.885780586188048e-16	1.0864409420610002	-7.771561172376096e-16
0.5653725138469383	-7.771561172376096e-16	-1.0864409420610002
4.996003610813204e-16	-0.5653725138469388	-9.43689570931383e-16
2	2	1	1
-0.4701027039916948	-1.0613533682132067e-15	0.5575588309471347	-0.266519158958437	5.04318079552042e-16	-0.06039725803807444
5.011458540716683e-16	0.627256970357549	9.992418683376797e-16	-2.3078626398070605e-16	-0.32641797306194553	-8.307404726914089e-16
-0.014985377798624189	-1.5920156679400658e-16	0.19323073669150298	-0.512153171660022	2.894910426103501e-17	0.7704464656746779
1	3	0	4
-1.0243063433200459
0.
-0.5330383179168737
1	3	0	2
-0.7704464656746776	1.8041124150158794e-16	1.1102230246251565e-16	-0.32641797306194537	0.19323073669150298	-4.163336342344337e-16	8.326672684688674e-17	0.01498537779862473
1.6653345369377348e-16	0.3264179730619455	0.6272569703575488	3.3306690738754696e-16	-1.1379786002407855e-15	-0.6272569703575491	0.3264179730619454	-2.8033131371785203e-15
0.06039725803807475	-2.220446049250313e-16	-1.6653345369377348e-16	0.6272569703575486	0.5575588309471349	-7.771561172376096e-16	3.6914915568786455e-15	0.47010270399169507
1	1	0	2
1.6653345369377348e-16	1.148073833126338	0.47010270399169507	2.498001805406602e-16	1.6653345369377348e-16	0.13514115637504945	-0.014985377798625285	-2.498001805406602e-16
0.45628873963096905	-1.915134717478395e-15	1.27675647831893e-15	0.6272569703575483	0.7701840905609536	-3.4416913763379853e-15	-1.4155343563970746e-15	-0.13514115637504975
1.0685896612017132e-15	0.6018193781678749	-0.5575588309471342	1.3322676295501878e-15	3.247402347028583e-15	0.7701840905609532	0.19323073669150256	-1.970645868709653e-15
-2.497964546976137e-16	4.683261331848483e-16	-0.533038317916874	-1.1163604130899865e-15	9.896210675725988e-16	1.7228562191800977e-16	1.0243063433200463	-1.0561960603713386e-14
-0.009686606145757254	1.1934897514720433e-15	1.0824674490095276e-15	-0.32641797306194575	0.601819378167875	-3.3306690738754696e-16	-1.2073675392798577e-14	-1.148073833126338
1.5265566588595902e-16	0.009686606145757809	0.06039725803807525	-4.163336342344337e-16	6.522560269672795e-16	-0.45628873963096883	0.7704464656746765	-8.659739592076221e-15
0	4	-1	3
0.8870753145727044	-4.1706744928766847e-16	0.4616247245065385
0	2	-1	3
-0.9436003575168372	-1.6473789267605697e-16	0.07397123202824674
2.393238267187315e-16	-0.39977873843765543	-5.172321627890712e-16
-2.0057912343083482e-16	0.7682297574900345	8.993488319733286e-16
0.39977873843765516	1.1102230246251567e-15	-0.768229757490035
0.23665835375813726	1.0577284101455226e-15	0.6828673187015925
-2.4471130972234763e-16	0.7682297574900341	-9.713309514182236e-16
2.289094996438917e-16	0.3997787384376557	4.567345905222972e-15
0.018353264604731023	-3.614842188658014e-15	0.5757558757411467
0	2	-1	1
6.418476861114186e-17	-0.32264486197212133	-4.85722573273506e-17	9.020562075079397e-17	-0.006849464892348195	-6.245004513516506e-17
0.8118107927064661	2.732428834350243e-16	-0.42555056335197594	3.057488021718047e-16	2.771224867366332e-16	-0.006849464892348411
-0.33241280984666	-1.3877787807814457e-16	-0.3942536302731626	0.3769150092312923	-1.6653345369377348e-16	0.04270731072379641
-1.81541258008339e-16	0.4435376572863525	-2.0382574691415248e-16	2.10222762527417e-16	0.23081236225326915	3.67199295657083e-18
1.3877787807814457e-16	-0.5446023931976438	-1.0824674490095276e-15	-5.551115123125783e-17	0.42555056335197605	7.216449660063518e-16
0.09555922809018892	1.3937852695925874e-15	-0.5446023931976438	3.274769020971839e-17	-7.487780658627183e-16	0.3226448619721212
0.01059626226004954	9.159339953157541e-16	0.13663476424823395	-0.724293961374	-6.217248937900877e-15	0.5447879204197731
-5.204170427930421e-16	0.09555922809018938	-9.43689570931383e-16	5.9396931817445875e-15	-0.8118107927064662	-4.496403249731884e-15
-1	3	-2	2
-5.551115123125783e-17	-0.46162472450653863	5.551115123125783e-17
0.8870753145727044	-7.216449660063518e-16	-0.4616247245065387
6.661338147750939e-16	0.8870753145727045	-3.885780586188048e-16
-1	1	-2	2
0.6648256196933197	5.551115123125783e-17	0.021192524520099315
0.	0.8870753145727044	-2.7755575615628914e-17
0.7885072605463254	0.	0.27326952849646857
0.3769150092312921	-3.925231146709437e-17	0.7242939613740004
2.7755575615628914e-17	0.4616247245065387	-2.7755575615628914e-17
-0.08541462144759288	0.	1.089575840839546
-2	2	-3	1
0.4616247245065385
0.
0.8870753145727045
# GS energy in absolute units:
e
-0.004454944236515229
# Irreducible matrix elements for other operators:
sn_f
10
-3	1	-3	1
0.
-2	2	-2	2
0.21309738627573757	0.	0.4094958977061757
0.	0.	0.
0.4094958977061757	0.	0.7869026137242626
-1	1	-1	1
0.44244222769614155	5.551115123125783e-17	0.53001109930865	0.26593237212008547	2.7755575615628914e-17	-0.03369496591126636
5.551115123125783e-17	0.7869026137242624	0.	-3.481975654237851e-17	0.4094958977061758	0.
0.53001109930865	0.	0.6964199351389527	0.4951276907052715	2.7755575615628914e-17	0.23039782711912302
0.26593237212008547	-3.481975654237851e-17	0.4951276907052715	0.6666666666666669	-1.8119837467242293e-17	0.7569791491476751
2.7755575615628914e-17	0.4094958977061758	2.7755575615628914e-17	-1.8119837467242293e-17	0.2130973862757377	0.
-0.03369496591126636	0.	0.23039782711912302	0.7569791491476751	0.	1.1944711704982387
-1	3	-1	3
0.21309738627573765	3.0531133177191805e-16	-0.4094958977061758
3.0531133177191805e-16	1.	1.1102230246251565e-16
-0.4094958977061758	1.1102230246251565e-16	0.7869026137242627
0	2	0	2
1.0000000000000004	-1.3738146538722897e-16	1.19349331224062e-16	-0.5787443495462675	5.551115123125783e-17	-4.3297917367471303e-16	-3.0756837662599485e-16	1.3877787807814457e-16
-1.3738146538722897e-16	1.	-0.40949589770617595	8.238081350492723e-17	-1.7420477304100357e-16	-4.996003610813204e-16	-0.21309738627573827	1.0322739309514297e-15
1.19349331224062e-16	-0.40949589770617595	1.0000000000000004	1.854614119534586e-16	1.8168203100067153e-15	0.7869026137242624	6.106226635438362e-16	4.509146020125414e-16
-0.5787443495462675	8.238081350492723e-17	1.854614119534586e-16	1.000000000000001	-0.5733173553837791	1.9279855615201646e-15	-4.246520163937706e-15	-0.5799674024322556
5.551115123125783e-17	-1.7420477304100357e-16	1.8168203100067153e-15	-0.5733173553837791	0.9999999999999991	-1.089087700232574e-16	7.657069822857203e-16	-3.0531133177191805e-16
-4.3297917367471303e-16	-4.996003610813204e-16	0.7869026137242624	1.9279855615201646e-15	-1.089087700232574e-16	0.9999999999999998	0.40949589770617617	-3.57160183458048e-15
-3.0756837662599485e-16	-0.21309738627573827	6.106226635438362e-16	-4.246520163937706e-15	7.657069822857203e-16	0.40949589770617617	1.	-5.45769336900978e-16
1.3877787807814457e-16	1.0322739309514297e-15	4.509146020125414e-16	-0.5799674024322556	-3.0531133177191805e-16	-3.57160183458048e-15	-5.45769336900978e-16	0.9999999999999998
0	4	0	4
1.
1	1	1	1
1.5575577723038587	-1.6653345369377348e-15	0.5300110993086498	-0.26593237212008575	1.4710455076283324e-15	-0.03369496591126506
-1.6653345369377348e-15	1.2130973862757375	-7.216449660063518e-16	-8.261696444489977e-16	0.40949589770617556	1.887379141862766e-15
0.5300110993086498	-7.216449660063518e-16	1.3035800648610467	0.4951276907052716	7.494005416219807e-16	-0.23039782711912377
-0.26593237212008575	-8.261696444489977e-16	0.4951276907052716	1.3333333333333353	-5.936307052709852e-16	0.7569791491476743
1.4710455076283324e-15	0.40949589770617556	7.494005416219807e-16	-5.936307052709852e-16	1.7869026137242625	8.049116928532385e-16
-0.03369496591126506	1.887379141862766e-15	-0.23039782711912377	0.7569791491476743	8.049116928532385e-16	0.8055288295017593
1	3	1	3
1.7869026137242627	-5.551115123125783e-17	0.40949589770617567
-5.551115123125783e-17	1.	0.
0.40949589770617567	0.	1.2130973862757375
2	2	2	2
1.7869026137242625	-4.077700953352287e-18	-0.4094958977061763
-4.077700953352287e-18	2.000000000000001	1.3592317722052692e-15
-0.4094958977061763	1.3592317722052692e-15	1.213097386275738
3	1	3	1
2.
sSZ2f0
10
-3	1	-3	1
0.
-2	2	-2	2
0.05327434656893439	0.	0.10237397442654393
0.	0.	0.
0.10237397442654393	0.	0.19672565343106566
-1	1	-1	1
0.08409054697100454	1.3877787807814457e-17	0.08312634434281518	-1.7073795840774436e-17	6.938893903907228e-18	-0.08391321426967353
1.3877787807814457e-17	0.1967256534310656	0.	-8.704939135594628e-18	0.10237397442654395	0.
0.08312634434281518	0.	0.08217319749606257	-1.6878023552261202e-17	6.938893903907228e-18	-0.08295104498129283
-1.7073795840774436e-17	-8.704939135594628e-18	-1.6878023552261202e-17	3.851859888774473e-33	-4.529959366810573e-18	1.7037790101158274e-17
6.938893903907228e-18	0.10237397442654395	6.938893903907228e-18	-4.529959366810573e-18	0.05327434656893443	0.
-0.08391321426967353	0.	-0.08295104498129283	1.7037790101158274e-17	0.	0.08373625553293301
-1	3	-1	3
0.053274346568934414	7.632783294297951e-17	-0.10237397442654395
7.632783294297951e-17	0.25	2.7755575615628914e-17
-0.10237397442654395	2.7755575615628914e-17	0.19672565343106568
0	2	0	2
0.16626374446706704	3.491031727288983e-19	2.0817571903865907e-18	7.62446536544186e-17	-0.08295104498129277	1.4155538712198197e-16	-6.736369698925204e-16	-0.08391321426967349
3.491031727288983e-19	0.19672565343106552	2.3914407685616732e-17	-7.160372239397106e-18	2.201267750882238e-16	0.10237397442654385	-6.791595674500783e-17	-1.0969289416922572e-16
2.0817571903865907e-18	2.3914407685616732e-17	0.053274346568934414	3.2487565180550194e-17	-1.763970796401268e-17	-1.4796887559546932e-17	-0.1023739744265439	8.621291921251161e-16
7.62446536544186e-17	-7.160372239397106e-18	3.2487565180550194e-17	9.440793175389315e-32	-1.0859601983658424e-16	-3.7261828934648725e-18	-6.242931882178569e-17	3.1266964895370006e-17
-0.08295104498129277	2.201267750882238e-16	-1.763970796401268e-17	-1.0859601983658424e-16	0.16782680250393733	-2.2151622181521676e-16	-6.273627350896229e-16	-0.08312634434281513
1.4155538712198197e-16	0.10237397442654385	-1.4796887559546932e-17	-3.7261828934648725e-18	-2.2151622181521676e-16	0.05327434656893436	1.7005905331790976e-17	1.3405583913314975e-16
-6.736369698925204e-16	-6.791595674500783e-17	-0.1023739744265439	-6.242931882178569e-17	-6.273627350896229e-16	1.7005905331790976e-17	0.19672565343106552	-3.307313635346469e-16
-0.08391321426967349	-1.0969289416922572e-16	8.621291921251161e-16	3.1266964895370006e-17	-0.08312634434281513	1.3405583913314975e-16	-3.307313635346469e-16	0.1659094530289955
0	4	0	4
0.25
1	1	1	1
0.08409054697100442	2.3592239273284576e-16	-0.08312634434281517	6.257057082533803e-17	-1.1102230246251565e-16	0.08391321426967349
2.3592239273284576e-16	0.19672565343106552	2.914335439641036e-16	-2.481757745356928e-16	-0.102373974426544	8.326672684688674e-17
-0.08312634434281517	2.914335439641036e-16	0.08217319749606264	-6.185312146854126e-17	-1.5959455978986625e-16	-0.0829510449812929
6.257057082533803e-17	-2.481757745356928e-16	-6.185312146854126e-17	3.596396313665988e-31	1.2914807983854284e-16	6.243862010378921e-17
-1.1102230246251565e-16	-0.102373974426544	-1.5959455978986625e-16	1.2914807983854284e-16	0.0532743465689345	-3.469446951953614e-17
0.08391321426967349	8.326672684688674e-17	-0.0829510449812929	6.243862010378921e-17	-3.469446951953614e-17	0.08373625553293305
1	3	1	3
0.053274346568934414	-1.3877787807814457e-17	-0.10237397442654392
-1.3877787807814457e-17	0.25	0.
-0.10237397442654392	0.	0.1967256534310656
2	2	2	2
0.05327434656893445	-1.1204172770085373e-16	0.10237397442654393
-1.1204172770085373e-16	2.356359027313235e-31	-2.1530356926126097e-16
0.10237397442654393	-2.1530356926126097e-16	0.19672565343106546
3	1	3	1
0.
sn_d
10
-3	1	-3	1
0.
-2	2	-2	2
0.39345130686213126	0.4435376572863522	-0.20474794885308795
0.4435376572863522	0.4999999999999999	-0.23081236225326934
-0.20474794885308795	-0.23081236225326934	0.1065486931378689
-1	1	-1	1
0.7787788861519293	0.33241280984666016	-0.2650055496543249	-0.1329661860600428	-0.010596262260049642	0.01684748295563264
0.33241280984666016	0.606548693137869	0.3942536302731625	-0.3769150092312925	-0.20474794885308797	-0.042707310723796243
-0.2650055496543249	0.3942536302731625	0.6517900324305236	-0.24756384535263573	-0.136634764248234	-0.11519891355956173
-0.1329661860600428	-0.3769150092312925	-0.24756384535263573	0.6666666666666669	0.7242939613740002	-0.37848957457383753
-0.010596262260049642	-0.20474794885308797	-0.136634764248234	0.7242939613740002	0.8934513068621311	-0.5447879204197731
0.01684748295563264	-0.042707310723796243	-0.11519891355956173	-0.37848957457383753	-0.5447879204197731	0.4027644147508805
-1	3	-1	3
0.8934513068621313	-0.2308123622532695	0.20474794885308759
-0.2308123622532695	0.4999999999999993	0.44353765728635214
0.20474794885308759	0.44353765728635214	0.6065486931378695
0	2	0	2
1.0000000000000002	-1.249000902703301e-16	0.3226448619721213	0.2893721747731338	5.967448757360216e-16	-1.3877787807814457e-16	0.006849464892348264	-5.551115123125783e-17
-1.249000902703301e-16	1.	0.2047479488530877	0.2308123622532693	1.5265566588595902e-16	-4.718447854656915e-16	0.10654869313786854	-1.7208456881689926e-15
0.3226448619721213	0.2047479488530877	0.9999999999999997	-3.3306690738754696e-16	0.5446023931976434	-0.3934513068621319	-4.85722573273506e-16	-0.0955592280901893
0.2893721747731338	0.2308123622532693	-3.3306690738754696e-16	0.9999999999999994	0.2866586776918889	-0.4435376572863525	2.456368441983159e-15	0.2899837012161275
5.967448757360216e-16	1.5265566588595902e-16	0.5446023931976434	0.2866586776918889	1.0000000000000002	-3.0531133177191805e-16	-0.425550563351976	3.927413949611491e-15
-1.3877787807814457e-16	-4.718447854656915e-16	-0.3934513068621319	-0.4435376572863525	-3.0531133177191805e-16	0.9999999999999996	-0.204747948853087	1.915134717478395e-15
0.006849464892348264	0.10654869313786854	-4.85722573273506e-16	2.456368441983159e-15	-0.425550563351976	-0.204747948853087	1.0000000000000124	0.8118107927064656
-5.551115123125783e-17	-1.7208456881689926e-15	-0.0955592280901893	0.2899837012161275	3.927413949611491e-15	1.915134717478395e-15	0.8118107927064656	0.9999999999999866
0	4	0	4
1.
1	1	1	1
1.2212211138480702	0.3324128098466606	-0.2650055496543241	0.13296618606004254	0.01059626226005014	0.016847482955633764
0.3324128098466606	1.3934513068621333	-0.39425363027316296	-0.3769150092312922	-0.2047479488530872	0.042707310723796264
-0.2650055496543241	-0.39425363027316296	1.3482099675694743	-0.24756384535263634	-0.13663476424823343	0.11519891355956136
0.13296618606004254	-0.3769150092312922	-0.24756384535263634	1.3333333333333304	-0.7242939613740011	-0.37848957457384014
0.01059626226005014	-0.2047479488530872	-0.13663476424823343	-0.7242939613740011	1.1065486931378739	-0.5447879204197713
0.016847482955633764	0.042707310723796264	0.11519891355956136	-0.37848957457384014	-0.5447879204197713	1.5972355852491182
1	3	1	3
1.1065486931378692	-0.23081236225326937	-0.2047479488530879
-0.23081236225326937	1.5	0.4435376572863522
-0.2047479488530879	0.4435376572863522	1.393451306862131
2	2	2	2
1.6065486931378685	-0.4435376572863528	0.20474794885308722
-0.4435376572863528	1.5000000000000013	0.23081236225326945
0.20474794885308722	0.23081236225326945	1.893451306862131
3	1	3	1
2.
ss^2
10
-3	1	-3	1
0.
-2	2	-2	2
0.5901769602931968	5.551115123125783e-17	-0.30712192327963184
0.	0.75	-2.7755575615628914e-17
-0.30712192327963184	0.	0.15982303970680328
-1	1	-1	1
0.2522716409130136	0.	0.24937903302844552	-5.1221387522323297e-17	1.3877787807814457e-17	-0.2517396428090206
0.	0.5901769602931968	0.	-2.6114817406783883e-17	0.30712192327963184	0.
0.24937903302844555	5.551115123125783e-17	0.24651959248818772	-5.0634070656783603e-17	4.163336342344337e-17	-0.2488531349438785
-5.12213875223233e-17	-2.611481740678389e-17	-5.0634070656783603e-17	1.1555579666323422e-32	-1.3589878100431722e-17	5.111337030347482e-17
2.7755575615628914e-17	0.30712192327963184	2.7755575615628914e-17	-1.358987810043172e-17	0.15982303970680328	-1.3877787807814457e-17
-0.2517396428090206	0.	-0.2488531349438785	5.111337030347482e-17	-1.3877787807814457e-17	0.25120876659879904
-1	3	-1	3
1.733628267155328	-5.178958726247566e-16	0.5118698721327195
-5.178958726247566e-16	0.75	-3.2954614152487154e-16
0.5118698721327195	-3.2954614152487154e-16	1.0163717328446722
0	2	0	2
1.5404979891485602	-2.3592239273284576e-16	1.3877787807814457e-17	3.469446951953614e-16	-0.5944498756225629	8.604228440844963e-16	-1.5959455978986625e-15	-0.20119719394212185
-2.2898349882893854e-16	0.15982303970680345	-8.326672684688674e-17	-4.163336342344337e-17	-6.730727086790012e-16	-0.30712192327963195	-2.0816681711721685e-17	-1.6653345369377348e-16
0.	-5.551115123125783e-17	0.5901769602931968	5.551115123125783e-17	1.1102230246251565e-16	1.1102230246251565e-16	0.307121923279632	-2.5118795932144167e-15
3.191891195797325e-16	-2.7755575615628914e-17	8.326672684688674e-17	0.75	-2.636779683484747e-16	3.3306690738754696e-16	3.191891195797325e-16	-4.3021142204224816e-16
-0.5944498756225629	-6.730727086790012e-16	1.1102230246251565e-16	-2.636779683484747e-16	0.7981103102202411	-2.7755575615628914e-16	4.253541963095131e-15	0.5456376159345296
8.604228440844963e-16	-0.30712192327963195	1.3877787807814457e-16	3.0531133177191805e-16	-2.498001805406602e-16	0.5901769602931968	5.551115123125783e-17	-8.465450562766819e-16
-1.5890067039947553e-15	-4.163336342344337e-17	0.307121923279632	3.191891195797325e-16	4.2674197509029455e-15	5.551115123125783e-17	0.15982303970680348	1.8457457784393227e-15
-0.20119719394212185	-1.734723475976807e-16	-2.525757381022231e-15	-4.163336342344337e-16	0.5456376159345296	-8.604228440844963e-16	1.8318679906315083e-15	0.4113917006311989
0	4	0	4
2.
1	1	1	1
0.25227164091301324	7.216449660063518e-16	-0.2493790330284455	1.877117124760141e-16	-3.469446951953614e-16	0.2517396428090205
7.216449660063518e-16	0.5901769602931966	9.159339953157541e-16	-7.445273236070784e-16	-0.30712192327963195	2.498001805406602e-16
-0.2493790330284455	8.326672684688674e-16	0.24651959248818794	-1.8555936440562372e-16	-4.85722573273506e-16	-0.24885313494387867
1.877117124760141e-16	-7.445273236070784e-16	-1.8555936440562377e-16	1.0789188940997966e-30	3.874442395156285e-16	1.8731586031136765e-16
-3.469446951953614e-16	-0.30712192327963195	-4.85722573273506e-16	3.874442395156285e-16	0.1598230397068035	-1.1102230246251565e-16
0.2517396428090205	2.7755575615628914e-16	-0.24885313494387867	1.8731586031136763e-16	-1.1102230246251565e-16	0.2512087665987992
1	3	1	3
1.7336282671553285	-5.551115123125783e-17	0.5118698721327196
-2.7755575615628914e-17	0.75	0.
0.5118698721327196	5.551115123125783e-17	1.0163717328446717
2	2	2	2
0.5901769602931968	2.220446049250313e-16	-0.307121923279632
1.6653345369377348e-16	0.7500000000000002	8.326672684688674e-16
-0.30712192327963206	8.326672684688674e-16	0.1598230397068035
3	1	3	1
0.
sn_a
10
-3	1	-3	1
0.
-2	2	-2	2
0.39345130686213114	-0.4435376572863522	-0.20474794885308784
-0.4435376572863522	0.5000000000000001	0.23081236225326932
-0.20474794885308784	0.23081236225326932	0.10654869313786881
-1	1	-1	1
0.7787788861519291	-0.3324128098466598	-0.26500554965432493	-0.1329661860600428	0.010596262260049921	0.016847482955632723
-0.3324128098466598	0.606548693137869	-0.39425363027316274	0.3769150092312924	-0.20474794885308784	0.042707310723796355
-0.26500554965432493	-0.39425363027316274	0.6517900324305235	-0.2475638453526358	0.13663476424823393	-0.1151989135595616
-0.1329661860600428	0.3769150092312924	-0.2475638453526358	0.6666666666666669	-0.7242939613740002	-0.37848957457383764
0.010596262260049921	-0.20474794885308784	0.13663476424823393	-0.7242939613740002	0.8934513068621311	0.5447879204197732
0.016847482955632723	0.042707310723796355	-0.1151989135595616	-0.37848957457383764	0.5447879204197732	0.40276441475088054
-1	3	-1	3
0.8934513068621313	0.2308123622532691	0.20474794885308795
0.2308123622532691	0.5000000000000007	-0.44353765728635236
0.20474794885308795	-0.44353765728635236	0.6065486931378683
0	2	0	2
1.0000000000000002	-1.3877787807814457e-16	-0.3226448619721213	0.2893721747731332	3.608224830031759e-16	-1.6653345369377348e-16	-0.006849464892348278	1.6653345369377348e-16
-1.3877787807814457e-16	1.	0.20474794885308817	-0.23081236225326957	-3.608224830031759e-16	-6.938893903907228e-16	0.10654869313786877	-1.5265566588595902e-15
-0.3226448619721213	0.20474794885308817	0.9999999999999998	7.771561172376096e-16	-0.5446023931976449	-0.3934513068621302	9.159339953157541e-16	0.09555922809018913
0.2893721747731332	-0.23081236225326957	7.771561172376096e-16	0.9999999999999994	0.2866586776918899	0.4435376572863518	2.248201624865942e-15	0.28998370121612776
3.608224830031759e-16	-3.608224830031759e-16	-0.5446023931976449	0.2866586776918899	1.0000000000000002	4.996003610813204e-16	0.4255505633519755	-3.191891195797325e-15
-1.6653345369377348e-16	-6.938893903907228e-16	-0.3934513068621302	0.4435376572863518	4.996003610813204e-16	1.0000000000000004	-0.20474794885308872	1.8318679906315083e-15
-0.006849464892348278	0.10654869313786877	9.159339953157541e-16	2.248201624865942e-15	0.4255505633519755	-0.20474794885308872	0.9999999999999876	-0.8118107927064666
1.6653345369377348e-16	-1.5265566588595902e-15	0.09555922809018913	0.28998370121612776	-3.191891195797325e-15	1.8318679906315083e-15	-0.8118107927064666	1.0000000000000133
0	4	0	4
1.
1	1	1	1
1.2212211138480704	-0.33241280984665916	-0.2650055496543259	0.13296618606004237	-0.010596262260050119	0.01684748295563332
-0.33241280984665916	1.3934513068621288	0.39425363027316224	0.3769150092312925	-0.20474794885308928	-0.04270731072379722
-0.2650055496543259	0.39425363027316224	1.3482099675694783	-0.24756384535263457	0.13663476424823393	0.11519891355956158
0.13296618606004237	0.3769150092312925	-0.24756384535263457	1.3333333333333355	0.7242939613740002	-0.3784895745738349
-0.010596262260050119	-0.20474794885308928	0.13663476424823393	0.7242939613740002	1.1065486931378647	0.5447879204197734
0.01684748295563332	-0.04270731072379722	0.11519891355956158	-0.3784895745738349	0.5447879204197734	1.5972355852491225
1	3	1	3
1.106548693137869	0.2308123622532692	-0.20474794885308778
0.2308123622532692	1.5	-0.4435376572863522
-0.20474794885308778	-0.4435376572863522	1.393451306862131
2	2	2	2
1.60654869313787	0.4435376572863517	0.20474794885308756
0.4435376572863517	1.4999999999999998	-0.23081236225326957
0.20474794885308756	-0.23081236225326957	1.8934513068621304
3	1	3	1
2.
sSaSa
10
-3	1	-3	1
0.
-2	2	-2	2
0.29508848014659833	-0.3326532429647641	-0.15356096163981586
-0.3326532429647641	0.37500000000000006	0.173109271689952
-0.1535609616398159	0.173109271689952	0.07991151985340161
-1	1	-1	1
0.5641941571491738	-0.1929280372329402	-0.2357864851040043	1.1019936561158194e-16	-0.100397734638961	-0.043981492377168266
-0.19292803723294022	0.29508848014659844	-0.19071587751639632	2.611481740678393e-17	0.15356096163981595	0.19252118472409888
-0.23578648510400424	-0.1907158775163963	0.41989368460638604	-1.2161046786559525e-16	-0.0992465498376954	-0.19181206149047636
1.1019936561158194e-16	2.611481740678393e-17	-1.2161046786559525e-16	3.9288970865499633e-32	1.3589878100431746e-17	4.0829567698744735e-17
-0.100397734638961	0.15356096163981592	-0.0992465498376954	1.3589878100431745e-17	0.07991151985340164	0.10018601284462934
-0.04398149237716828	0.19252118472409888	-0.19181206149047636	4.082956769874473e-17	0.10018601284462934	0.14091215824444023
-1	3	-1	3
0.6700884801465985	0.17310927168995183	0.15356096163981597
0.17310927168995183	0.37500000000000056	-0.33265324296476434
0.15356096163981592	-0.33265324296476434	0.4549115198534012
0	2	0	2
0.6090878417555601	0.10018601284462933	-9.71445146547012e-17	1.1102230246251565e-16	-0.19181206149047658	-0.1925211847240986	-4.0939474033052647e-16	-0.04398149237716811
0.10018601284462936	0.670088480146598	-4.163336342344337e-17	-1.249000902703301e-16	0.09924654983769568	0.15356096163981553	6.522560269672795e-16	0.1003977346389607
-1.1102230246251565e-16	-2.7755575615628914e-17	0.29508848014659805	0.3326532429647642	2.0816681711721685e-16	1.942890293094024e-16	0.15356096163981597	-1.304512053934559e-15
9.71445146547012e-17	-1.249000902703301e-16	0.3326532429647642	0.37500000000000044	-1.3877787807814457e-17	3.3306690738754696e-16	0.17310927168995227	-1.6237011735142914e-15
-0.19181206149047653	0.09924654983769568	1.942890293094024e-16	-1.3877787807814457e-17	0.3301063153936131	-0.19071587751639602	1.915134717478395e-15	0.2357864851040039
-0.1925211847240986	0.15356096163981556	1.942890293094024e-16	3.0531133177191805e-16	-0.190715877516396	0.45491151985340217	-1.4016565685892601e-15	-0.19292803723294072
-4.0939474033052647e-16	6.522560269672795e-16	0.15356096163981597	0.17310927168995227	1.9290125052862095e-15	-1.4155343563970746e-15	0.0799115198534018	7.494005416219807e-16
-0.04398149237716811	0.10039773463896069	-1.304512053934559e-15	-1.6237011735142914e-15	0.2357864851040039	-0.19292803723294075	7.494005416219807e-16	0.18580584285082619
0	4	0	4
0.75
1	1	1	1
0.5641941571491738	0.19292803723293953	0.23578648510400474	8.793824216051529e-17	-0.1003977346389607	0.043981492377168266
0.19292803723293953	0.2950884801465994	-0.19071587751639668	-2.287086743203505e-16	-0.15356096163981653	0.19252118472409918
0.23578648510400474	-0.1907158775163967	0.41989368460638493	3.4322524909891695e-16	0.09924654983769568	-0.19181206149047564
8.793824216051534e-17	-2.287086743203505e-16	3.43225249098917e-16	3.0598976372415654e-31	1.1901760430143776e-16	-1.9360467168122949e-16
-0.1003977346389607	-0.15356096163981653	0.09924654983769568	1.1901760430143776e-16	0.07991151985340202	-0.10018601284462958
0.04398149237716825	0.19252118472409918	-0.19181206149047564	-1.9360467168122946e-16	-0.10018601284462958	0.14091215824443995
1	3	1	3
0.6700884801465986	-0.173109271689952	0.1535609616398158
-0.173109271689952	0.37499999999999994	0.3326532429647641
0.15356096163981584	0.3326532429647642	0.4549115198534016
2	2	2	2
0.2950884801465978	-0.33265324296476406	-0.1535609616398161
-0.3326532429647641	0.37500000000000067	0.17310927168995258
-0.15356096163981614	0.17310927168995255	0.07991151985340202
3	1	3	1
0.
sSaSf
10
-3	1	-3	1
0.
-2	2	-2	2
0.	0.	0.
0.	0.	0.
0.	0.	0.
-1	1	-1	1
-0.12613582045650676	0.1929280372329403	-0.12468951651422273	1.707379584077443e-17	0.10039773463896108	0.12586982140451028
0.19292803723294033	-0.29508848014659844	0.19071587751639624	-2.6114817406783896e-17	-0.15356096163981595	-0.19252118472409885
-0.12468951651422273	0.1907158775163962	-0.12325979624409382	1.6878023552261196e-17	0.09924654983769533	0.12442656747193921
1.7073795840774433e-17	-2.6114817406783896e-17	1.68780235522612e-17	-2.3111159332646844e-33	-1.3589878100431722e-17	-1.7037790101158274e-17
0.10039773463896108	-0.15356096163981592	0.09924654983769533	-1.358987810043172e-17	-0.07991151985340164	-0.10018601284462933
0.12586982140451028	-0.19252118472409885	0.12442656747193923	-1.703779010115827e-17	-0.10018601284462933	-0.1256043832993995
-1	3	-1	3
0.026637173284467203	0.057703090563317364	-0.05118698721327193
0.057703090563317364	0.12500000000000017	-0.11088441432158805
-0.05118698721327193	-0.11088441432158805	0.09836282671553268
0	2	0	2
-0.3223223056374402	0.30840492747020043	1.7078719367908104e-17	-1.869440476761511e-16	0.21082575264161063	0.16049070168125112	8.337879881707116e-16	0.11323420918778541
0.30840492747020043	-6.303831219055917e-17	-9.294826139219447e-18	1.6813153474823305e-16	-0.20172262302387087	3.2993120172130934e-16	-8.442687619032285e-16	-0.10834493133399842
1.7078719367908104e-17	-9.294826139219447e-18	-7.366775028560979e-34	9.649028775027106e-33	-1.1170911233627746e-17	-4.836930399669764e-18	-4.5289438655174625e-32	-5.999880392207498e-18
-1.8694404767615113e-16	1.6813153474823307e-16	9.649028775027106e-33	-1.080349394964317e-31	1.2227704649620632e-16	8.74938938486865e-17	4.85281415085003e-31	6.567482619333109e-17
0.21082575264161063	-0.20172262302387087	-1.1170911233627744e-17	1.2227704649620632e-16	-0.1378976794330137	-0.10497434518847541	-5.453670970800042e-16	-0.07406464572652104
0.16049070168125112	3.299312017213094e-16	-4.836930399669764e-18	8.749389384868652e-17	-0.10497434518847543	3.604566078143985e-16	-4.393486417901112e-16	-0.05638157015205448
8.337879881707116e-16	-8.442687619032286e-16	-4.528943865517463e-32	4.85281415085003e-31	-5.453670970800043e-16	-4.3934864179011125e-16	-2.1495328584624487e-30	-2.929158851853853e-16
0.11323420918778541	-0.10834493133399842	-5.999880392207498e-18	6.56748261933311e-17	-0.07406464572652104	-0.05638157015205448	-2.929158851853853e-16	-0.039780014929546276
0	4	0	4
0.25
1	1	1	1
-0.12613582045650662	-0.19292803723294052	0.12468951651422222	1.4952910263678224e-16	0.10039773463896126	-0.1258698214045101
-0.19292803723294052	-0.2950884801465994	0.19071587751639585	2.2870867432034995e-16	0.15356096163981653	-0.192521184724099
0.12468951651422223	0.19071587751639588	-0.12325979624409295	-1.47814565641287e-16	-0.09924654983769522	0.12442656747193868
1.4952910263678224e-16	2.2870867432034995e-16	-1.47814565641287e-16	-1.7726092758140051e-31	-1.1901760430143746e-16	1.4921377112030005e-16
0.10039773463896126	0.15356096163981653	-0.09924654983769522	-1.1901760430143746e-16	-0.07991151985340202	0.10018601284462948
-0.12586982140451008	-0.192521184724099	0.12442656747193867	1.4921377112030003e-16	0.10018601284462948	-0.1256043832993993
1	3	1	3
0.026637173284467214	-0.05770309056331733	-0.05118698721327197
-0.05770309056331733	0.12499999999999997	0.11088441432158805
-0.05118698721327197	0.11088441432158805	0.09836282671553281
2	2	2	2
0.	0.	0.
0.	0.	0.
0.	0.	0.
3	1	3	1
0.
sSaSd
10
-3	1	-3	1
0.
-2	2	-2	2
0.	0.	0.
0.	0.	0.
0.	0.	0.
-1	1	-1	1
-0.43805833669266697	-1.1729074323167926e-16	0.360476001618227	-1.2727316145235637e-16	-8.406379434239211e-17	-0.08188832902734201
-1.1729074323167923e-16	-3.1404763465308573e-32	9.651796257595027e-17	-3.4077570154007933e-32	-2.2508200601171795e-32	-2.1925716666261587e-17
0.36047600161822696	9.651796257595027e-17	-0.2966338883622922	1.0473244431333405e-16	6.917567348264487e-17	0.06738549401853715
-1.2727316145235637e-16	-3.407757015400794e-32	1.0473244431333406e-16	-3.697785493223495e-32	-2.442383576218344e-32	-2.379177759758646e-17
-8.406379434239211e-17	-2.2508200601171798e-32	6.917567348264487e-17	-2.442383576218344e-32	-1.6131918804681643e-32	-1.571444502659057e-17
-0.081888329027342	-2.1925716666261584e-17	0.06738549401853715	-2.3791777597586458e-17	-1.5714445026590567e-17	-0.01530777494504073
-1	3	-1	3
0.1967256534310656	-9.249255969372349e-17	0.10237397442654392
-9.249255969372349e-17	4.3486314313830476e-32	-4.813216159451617e-17
0.10237397442654392	-4.813216159451617e-17	0.05327434656893439
0	2	0	2
0.16116115281872012	-5.922921646056303e-17	-4.8571367135206384e-18	8.7859400261444e-17	-0.10541287632080518	1.587301550589644e-16	-4.411840241116282e-16	-0.05661710459389279
-5.922921646056303e-17	-0.5901769602931966	-1.4092921132216083e-17	2.14811167181913e-17	-5.833865820605825e-16	-0.30712192327963156	9.296489653344507e-17	3.110269794253451e-16
-4.8571367135206384e-18	-1.4092921132216083e-17	-1.9014065378763165e-34	-2.1349896472366344e-33	3.1769737477089918e-18	-7.333808897934819e-18	1.5516495776157805e-32	1.7063480406197043e-18
8.7859400261444e-17	2.14811167181913e-17	-2.1349896472366344e-33	4.711599481538807e-32	-5.746739788959808e-17	1.1178548680395299e-17	-2.439017483847535e-31	-3.0865656935044335e-17
-0.10541287632080518	-5.833865820605824e-16	3.1769737477089918e-18	-5.746739788959808e-17	0.06894883971650666	-4.275714218753054e-16	2.8857126022613136e-16	0.03703232286326052
1.587301550589644e-16	-0.30712192327963156	-7.333808897934819e-18	1.1178548680395299e-17	-4.275714218753054e-16	-0.15982303970680306	4.8377960750380776e-17	9.52640232999901e-17
-4.411840241116282e-16	9.296489653344507e-17	1.5516495776157805e-32	-2.439017483847535e-31	2.8857126022613136e-16	4.8377960750380776e-17	1.1931120963927833e-30	1.5499120973885904e-16
-0.05661710459389279	3.110269794253451e-16	1.7063480406197043e-18	-3.0865656935044335e-17	0.03703232286326052	9.52640232999901e-17	1.5499120973885904e-16	0.019890007464773193
0	4	0	4
0.25
1	1	1	1
-0.4380583366926672	1.010676937306156e-15	-0.36047600161822696	-2.3746734479729753e-16	-5.537643323079148e-16	0.08188832902734185
1.0106769373061562e-15	-2.3318078576351646e-30	8.316809675134238e-16	5.478785555411966e-31	1.2776308370065554e-30	-1.8893064838653498e-16
-0.36047600161822696	8.316809675134237e-16	-0.296633888362292	-1.9541068345762998e-16	-4.556898833526657e-16	0.06738549401853697
-2.374673447972976e-16	5.478785555411966e-31	-1.9541068345763e-16	-1.2872883614275601e-31	-3.0019048748036327e-31	4.4390900560929435e-17
-5.537643323079148e-16	1.2776308370065552e-30	-4.556898833526657e-16	-3.0019048748036323e-31	-7.0003218761151795e-31	1.0351780128191284e-16
0.08188832902734183	-1.8893064838653495e-16	0.06738549401853697	4.439090056092943e-17	1.0351780128191283e-16	-0.015307774945040658
1	3	1	3
0.19672565343106566	0.	0.10237397442654392
0.	0.	0.
0.10237397442654392	0.	0.053274346568934386
2	2	2	2
0.	0.	0.
0.	0.	0.
0.	0.	0.
3	1	3	1
0.
# Discretization tables:
z
100
0.52427078513901003119
0.36143013903940941139
0.24662943801998150215
0.16156906659436251174
0.10371316240612053172
0.065992712096606839964
0.041839596677244432778
0.026487653357275046546
0.016758845707050300567
0.010600891341655520587
0.0067050141444384940786
0.0042407300021830519695
0.0026821001479076377635
0.0016963159062078186622
0.0010728461068898959083
0.00067852789246080805737
0.00042913882981414611291
0.00027141125490326615427
0.00017165555669742004156
0.00010856450822812261219
0.000068662224264361143616
0.000043425803692325317448
0.000027464889807209621514
0.000017370321502599008822
0.000010985955929377619146
6.948128602682411971e-6
4.3943823721666489736e-6
2.7792514411781045287e-6
1.7577529488932580736e-6
1.1117005764779707549e-6
7.0310117955900553243e-7
4.4468023059161895433e-7
2.8124047182371116036e-7
1.7787209223667514348e-7
1.1249618872949143678e-7
7.1148836894671821345e-8
4.499847549179702096e-8
2.8459534757868841431e-8
1.7999390196718836944e-8
1.1383813903147543798e-8
7.1997560786875366054e-9
4.5535255612590179814e-9
2.8799024314750147591e-9
1.8214102245036072222e-9
1.1519609725900059111e-9
7.2856408980144289076e-10
4.6078438903600236493e-10
2.9142563592057715643e-10
1.84313755614400946e-10
1.1657025436823086258e-10
7.3725502245760378404e-11
4.6628101747292345032e-11
2.9490200898304151362e-11
1.8651240698916938013e-11
1.1796080359321660545e-11
7.4604962795667752051e-12
4.7184321437286642179e-12
2.984198511826710082e-12
1.8873728574914656871e-12
1.1936794047306840328e-12
7.5494914299658627486e-13
4.7747176189227361313e-13
3.0197965719863450994e-13
1.9098870475690944525e-13
1.2079186287945380398e-13
7.63954819027637781e-14
4.8316745151781521591e-14
3.055819276110551124e-14
1.9326698060712608636e-14
1.2223277104442204496e-14
7.7306792242850434545e-15
4.8893108417768817984e-15
3.0922716897140173818e-15
1.9557243367107527194e-15
1.2369086758856069527e-15
7.8228973468430108775e-16
4.9476347035424278109e-16
3.129158938737204351e-16
1.9790538814169711244e-16
1.2516635754948817404e-16
7.9162155256678844974e-17
5.0066543019795269616e-17
3.166486210267153799e-17
2.0026617207918107846e-17
1.2665944841068615196e-17
8.0106468831672431385e-18
5.0663779364274460784e-18
3.2042587532668972554e-18
2.0265511745709784313e-18
1.2817035013067589022e-18
8.1062046982839137254e-19
5.1268140052270356087e-19
3.2424818793135654902e-19
2.0507256020908142435e-19
1.2969927517254261961e-19
8.2029024083632569739e-20
5.1879710069017047842e-20
3.2811609633453027895e-20
2.0751884027606819137e-20
1.3124643853381211158e-20
0.e-12
100
0.e-999
0.e-998
0.e-998
0.e-997
0.e-996
0.e-995
0.e-994
0.e-993
0.e-992
0.e-992
0.e-991
0.e-990
0.e-989
0.e-988
0.e-987
0.e-986
0.e-985
0.e-985
0.e-984
0.e-983
0.e-982
0.e-981
0.e-980
0.e-979
0.e-979
0.e-978
0.e-977
0.e-976
0.e-975
0.e-974
0.e-973
0.e-972
0.e-972
0.e-971
0.e-970
0.e-969
0.e-968
0.e-967
0.e-966
0.e-966
0.e-965
0.e-964
0.e-963
0.e-962
0.e-961
0.e-960
0.e-959
0.e-959
0.e-958
0.e-957
0.e-956
0.e-955
0.e-954
0.e-953
0.e-953
0.e-952
0.e-951
0.e-950
0.e-949
0.e-948
0.e-947
0.e-946
0.e-946
0.e-945
0.e-944
0.e-943
0.e-942
0.e-941
0.e-940
0.e-940
0.e-939
0.e-938
0.e-937
0.e-936
0.e-920
0.e-890
0.e-860
0.e-830
0.e-799
0.e-768
0.e-737
0.e-705
0.e-673
0.e-640
0.e-607
0.e-574
0.e-540
0.e-506
0.e-471
0.e-436
0.e-401
0.e-365
0.e-329
0.e-292
0.e-255
0.e-218
0.e-180
0.e-142
0.e-103
0.e-64
0.e-25
