# Input file for NRG Ljubljana, Rok Zitko, rok.zitko@ijs.si, 2005-2015
# symtype 	QS
# Using sneg version 	1.251
#!8
# Number of channels, impurities, chain sites, subspaces: 
1	1	75	6
# SCALE 	1.0353518430881692
# Energies (GS energy subtracted, multiplied by 1/SCALE):
-2	1
1
0.07138514381109456
-1	2
2
0.034421909182296644	0.10351910225385089
0	1
3
0.	0.07138514381109456	0.13794101143614748
0	3
1
0.06655586762505294
1	2
2
0.03442190918229662	0.10351910225385086
2	1
1
0.07138514381109456
# Irreducible matrix elements for Wilson chains:
f 0 0
6
2	1	1	2
-0.9644215563093907	-1.034355384636138
1	2	0	3
-0.8957780396361196
0.8352135677212567
1	2	0	1
-0.7069989333904336	0.4822107781546954	0.012349420423208468
-0.012349420423208468	0.517177692318069	-0.7069989333904336
0	3	-1	2
0.7313997066330328	0.6819490223888539
0	1	-1	2
-0.9998474801840638	0.017464717849948685
-0.6819490223888539	0.7313997066330328
0.017464717849948685	0.9998474801840638
-1	2	-2	1
-0.6819490223888539
0.7313997066330328
# GS energy in absolute units:
e
-0.06890874021393077
# Irreducible matrix elements for other operators:
sn_f
6
-2	1	-2	1
0.
-1	2	-1	2
0.46505446913711357	-0.49877731491389127
-0.49877731491389127	0.5349455308628864
0	1	0	1
1.	0.6946187011613623	-1.1102230246251565e-16
0.6946187011613623	0.9999999999999998	0.7193781064203315
-1.1102230246251565e-16	0.7193781064203315	1.
0	3	0	3
1.
1	2	1	2
1.5349455308628865	-0.49877731491389127
-0.49877731491389127	1.4650544691371135
2	1	2	1
2.
sSZ2f0
6
-2	1	-2	1
0.
-1	2	-1	2
0.11626361728427839	-0.12469432872847282
-0.12469432872847282	0.1337363827157216
0	1	0	1
0.1293762149992255	-4.679707834916592e-18	-0.12492337148140278
-4.679707834916592e-18	1.692711865184094e-34	4.518642629089252e-18
-0.12492337148140278	4.518642629089252e-18	0.12062378500077454
0	3	0	3
0.25
1	2	1	2
0.11626361728427839	0.12469432872847282
0.12469432872847282	0.1337363827157216
2	1	2	1
0.
sn_d
6
-2	1	-2	1
0.
-1	2	-1	2
0.5349455308628864	0.49877731491389127
0.49877731491389127	0.46505446913711357
0	1	0	1
1.	-0.6946187011613624	-1.1102230246251565e-16
-0.6946187011613624	1.0000000000000002	-0.7193781064203316
-1.1102230246251565e-16	-0.7193781064203316	1.
0	3	0	3
1.
1	2	1	2
1.4650544691371135	0.49877731491389127
0.49877731491389127	1.5349455308628865
2	1	2	1
2.
sflm
6
-2	1	-2	1
0.
-1	2	-1	2
0.5349455308628864	0.49877731491389127
0.49877731491389127	0.46505446913711357
0	1	0	1
0.517504859996902	-1.8718831339666368e-17	-0.49969348592561114
-1.8718831339666368e-17	6.770847460736376e-34	1.8074570516357007e-17
-0.49969348592561114	1.8074570516357007e-17	0.4824951400030982
0	3	0	3
1.
1	2	1	2
0.5349455308628864	-0.49877731491389127
-0.49877731491389127	0.46505446913711357
2	1	2	1
0.
sSdSd
6
-2	1	-2	1
0.
-1	2	-1	2
0.40120914814716485	0.37408298618541846
0.37408298618541846	0.3487908518528352
0	1	0	1
0.3881286449976765	-1.4039123504749776e-17	-0.3747701144442084
-1.4039123504749776e-17	5.078135595552282e-34	1.3555927887267754e-17
-0.3747701144442084	1.3555927887267754e-17	0.36187135500232365
0	3	0	3
0.75
1	2	1	2
0.40120914814716485	-0.37408298618541846
-0.37408298618541846	0.3487908518528352
2	1	2	1
0.
sSdSf
6
-2	1	-2	1
0.
-1	2	-1	2
0.	0.
0.	0.
0	1	0	1
-0.3881286449976765	1.4039123504749776e-17	0.3747701144442084
1.4039123504749776e-17	-5.078135595552282e-34	-1.3555927887267754e-17
0.3747701144442084	-1.3555927887267754e-17	-0.36187135500232365
0	3	0	3
0.25
1	2	1	2
0.	0.
0.	0.
2	1	2	1
0.
ss^2
6
-2	1	-2	1
0.
-1	2	-1	2
0.40120914814716485	0.37408298618541846
0.37408298618541846	0.3487908518528352
0	1	0	1
0.3881286449976765	-1.4039123504749776e-17	-0.3747701144442084
-1.4039123504749776e-17	5.078135595552282e-34	1.3555927887267754e-17
-0.3747701144442084	1.3555927887267754e-17	0.36187135500232365
0	3	0	3
0.75
1	2	1	2
0.40120914814716485	-0.37408298618541846
-0.37408298618541846	0.3487908518528352
2	1	2	1
0.
# Discretization tables:
z
75
0.52427078513901003119
0.36143013903940941139
0.24662943801998150215
0.16156906659436251174
0.10371316240612053172
0.065992712096606839964
0.041839596677244432778
0.026487653357275046546
0.016758845707050300567
0.010600891341655520587
0.0067050141444384940786
0.0042407300021830519695
0.0026821001479076377635
0.0016963159062078186622
0.0010728461068898959083
0.00067852789246080805737
0.00042913882981414611291
0.00027141125490326615427
0.00017165555669742004156
0.00010856450822812261219
0.000068662224264361143616
0.000043425803692325317448
0.000027464889807209621514
0.000017370321502599008822
0.000010985955929377619146
6.948128602682411971e-6
4.3943823721666489736e-6
2.7792514411781045287e-6
1.7577529488932580736e-6
1.1117005764779707549e-6
7.0310117955900553243e-7
4.4468023059161895433e-7
2.8124047182371116036e-7
1.7787209223667514348e-7
1.1249618872949143678e-7
7.1148836894671821345e-8
4.499847549179702096e-8
2.8459534757868841431e-8
1.7999390196718836944e-8
1.1383813903147543798e-8
7.1997560786875366054e-9
4.5535255612590179814e-9
2.8799024314750147591e-9
1.8214102245036072222e-9
1.1519609725900059111e-9
7.2856408980144289076e-10
4.6078438903600236493e-10
2.9142563592057715643e-10
1.84313755614400946e-10
1.1657025436823086258e-10
7.3725502245760378404e-11
4.6628101747292345032e-11
2.9490200898304151362e-11
1.8651240698916938013e-11
1.1796080359321660545e-11
7.4604962795667752051e-12
4.7184321437286642179e-12
2.984198511826710082e-12
1.8873728574914656871e-12
1.1936794047306840328e-12
7.5494914299658627486e-13
4.7747176189227361313e-13
3.0197965719863450994e-13
1.9098870475690944525e-13
1.2079186287945380398e-13
7.63954819027637781e-14
4.8316745151781521591e-14
3.055819276110551124e-14
1.9326698060712608636e-14
1.2223277104442204496e-14
7.7306792242850434545e-15
4.8893108417768817984e-15
3.0922716897140173818e-15
1.9557243367107527194e-15
1.2369086758856069527e-15
7.8228973468430108775e-16
75
0.e-999
0.e-998
0.e-998
0.e-997
0.e-996
0.e-995
0.e-994
0.e-993
0.e-992
0.e-992
0.e-991
0.e-990
0.e-989
0.e-988
0.e-987
0.e-986
0.e-985
0.e-985
0.e-984
0.e-983
0.e-982
0.e-981
0.e-980
0.e-979
0.e-979
0.e-978
0.e-977
0.e-976
0.e-975
0.e-974
0.e-973
0.e-972
0.e-972
0.e-971
0.e-970
0.e-969
0.e-968
0.e-967
0.e-966
0.e-966
0.e-965
0.e-964
0.e-963
0.e-962
0.e-961
0.e-960
0.e-959
0.e-959
0.e-958
0.e-957
0.e-956
0.e-955
0.e-954
0.e-953
0.e-953
0.e-952
0.e-951
0.e-950
0.e-949
0.e-948
0.e-947
0.e-946
0.e-946
0.e-945
0.e-944
0.e-943
0.e-942
0.e-941
0.e-940
0.e-940
0.e-939
0.e-938
0.e-937
0.e-936
0.e-920
0.e-890
